2, 117
2, 475
2, 439
2, 283
2, 298
604, 1
1, 2
3, 57
3, 537
3, 437
3, 76
3, 402
3, 367
106, 237
237, 3
541, 4
5, 387
5, 311
4, 5
578, 109
459, 6
321, 331
159, 221
221, 578
331, 578
6, 578
243, 98
7, 289
98, 7
10, 371
208, 8
413, 9
9, 10
8, 10
111, 12
217, 318
13, 120
305, 11
11, 318
11, 170
11, 13
276, 590
459, 15
287, 14
15, 276
14, 276
319, 497
507, 306
155, 50
389, 16
306, 155
497, 155
16, 155
19, 350
19, 290
227, 18
241, 17
18, 19
17, 19
156, 464
20, 431
464, 20
481, 21
22, 448
22, 74
21, 22
316, 528
593, 200
528, 593
28, 23
208, 551
208, 599
23, 208
319, 492
24, 533
24, 310
492, 24
25, 436
25, 386
509, 44
44, 25
28, 92
28, 256
178, 26
188, 27
27, 28
26, 28
29, 581
29, 271
120, 29
558, 30
31, 329
30, 31
33, 447
394, 32
32, 33
379, 34
35, 322
34, 35
326, 36
37, 546
36, 37
40, 376
349, 39
605, 38
39, 40
38, 40
41, 45
41, 377
543, 353
353, 41
292, 491
603, 42
604, 43
45, 292
43, 292
42, 292
359, 46
47, 129
46, 47
49, 519
435, 48
48, 49
51, 212
51, 474
51, 382
581, 51
50, 51
363, 52
53, 165
52, 53
613, 213
54, 473
54, 411
213, 54
373, 55
540, 396
55, 540
134, 340
246, 410
493, 56
56, 605
340, 605
410, 605
300, 58
404, 222
58, 404
57, 404
400, 87
360, 250
87, 360
220, 506
220, 455
117, 220
603, 198
531, 607
198, 531
101, 502
300, 342
127, 281
281, 101
342, 101
507, 574
405, 626
574, 405
424, 501
533, 424
626, 424
99, 520
394, 383
520, 394
162, 624
622, 225
622, 602
624, 622
195, 530
413, 365
435, 467
467, 195
365, 195
488, 294
413, 286
108, 618
286, 488
618, 488
614, 505
134, 616
246, 539
72, 314
491, 614
539, 614
314, 614
616, 614
214, 588
588, 613
61, 417
224, 334
336, 142
334, 61
142, 61
300, 418
595, 251
251, 300
157, 445
610, 130
445, 610
288, 584
278, 470
584, 278
609, 503
89, 344
344, 609
383, 609
470, 609
473, 305
150, 62
600, 270
270, 150
607, 150
604, 282
604, 141
168, 606
606, 604
600, 303
461, 601
59, 275
601, 600
275, 600
273, 176
597, 325
128, 598
176, 597
598, 597
595, 522
356, 596
469, 368
368, 595
596, 595
146, 186
594, 592
594, 210
186, 594
156, 83
592, 156
111, 547
59, 240
59, 370
611, 621
621, 590
621, 145
621, 59
111, 409
317, 586
67, 323
67, 498
67, 173
171, 587
587, 586
587, 572
587, 67
603, 585
288, 535
288, 479
585, 288
111, 238
401, 582
351, 352
351, 191
546, 582
546, 164
546, 351
219, 438
153, 495
407, 361
495, 219
361, 219
571, 580
577, 116
580, 577
111, 575
239, 388
332, 347
328, 245
245, 388
245, 332
245, 573
612, 518
612, 80
612, 375
224, 209
209, 612
212, 612
262, 414
414, 571
541, 480
374, 70
480, 374
199, 570
570, 461
538, 432
538, 369
543, 428
469, 569
569, 538
428, 538
84, 568
567, 468
567, 561
568, 567
564, 532
188, 566
566, 564
350, 564
527, 556
200, 527
563, 523
168, 490
490, 563
452, 513
562, 330
513, 562
177, 576
268, 148
65, 423
148, 177
501, 177
423, 177
207, 560
183, 484
86, 623
517, 559
484, 86
559, 86
560, 86
111, 552
119, 554
556, 554
556, 550
556, 106
301, 548
558, 151
558, 338
548, 558
483, 545
545, 543
252, 542
373, 433
542, 373
433, 541
296, 385
85, 427
385, 85
499, 169
535, 499
537, 499
544, 534
534, 207
399, 526
321, 529
525, 390
526, 525
529, 525
532, 525
349, 494
401, 366
242, 524
366, 349
524, 349
205, 66
419, 395
419, 441
479, 419
66, 419
158, 285
263, 472
263, 154
285, 263
603, 512
522, 493
512, 493
523, 493
355, 521
518, 517
521, 517
111, 511
444, 514
214, 515
515, 514
515, 510
515, 509
459, 508
321, 197
82, 608
608, 444
197, 444
508, 444
432, 72
282, 72
262, 96
96, 379
378, 553
553, 399
395, 459
391, 313
417, 391
506, 391
111, 265
465, 163
456, 496
496, 505
496, 465
496, 381
168, 304
199, 259
259, 168
133, 118
557, 504
503, 133
475, 133
504, 133
415, 489
258, 140
502, 415
140, 415
280, 190
335, 500
500, 205
190, 205
371, 205
413, 364
364, 89
544, 453
227, 152
227, 354
323, 227
453, 227
114, 337
235, 231
498, 114
231, 114
486, 125
489, 486
494, 486
94, 485
485, 280
214, 482
482, 481
268, 426
268, 226
144, 477
474, 268
477, 268
111, 223
469, 579
469, 103
469, 149
460, 442
442, 109
442, 471
442, 469
466, 181
468, 466
319, 458
111, 189
307, 462
91, 463
463, 462
463, 346
463, 319
507, 397
65, 343
65, 88
458, 65
397, 65
139, 454
454, 119
455, 119
104, 406
104, 476
389, 451
451, 104
408, 450
450, 328
78, 412
449, 384
412, 449
93, 75
448, 93
446, 565
266, 295
369, 446
447, 446
295, 446
79, 625
443, 422
625, 443
172, 131
438, 172
439, 172
441, 172
126, 204
204, 435
436, 435
437, 435
425, 274
71, 434
421, 429
426, 425
429, 425
434, 425
422, 400
343, 421
406, 421
356, 420
483, 107
420, 483
111, 416
75, 576
75, 339
75, 507
411, 408
258, 403
112, 64
403, 401
64, 401
111, 393
396, 274
396, 392
396, 389
387, 363
60, 218
99, 147
519, 60
147, 60
378, 193
551, 378
115, 284
284, 127
62, 127
173, 128
301, 68
146, 327
146, 249
68, 146
134, 254
199, 248
248, 134
352, 134
111, 333
180, 216
235, 102
235, 185
70, 216
70, 138
70, 235
487, 187
165, 487
83, 162
460, 81
81, 78
291, 73
544, 160
73, 178
160, 178
211, 122
122, 171
413, 244
418, 112
304, 112
76, 112
244, 112
583, 260
260, 188
74, 243
530, 258
254, 258
77, 297
130, 77
277, 192
382, 277
536, 167
79, 105
167, 79
99, 320
191, 99
111, 184
113, 315
299, 309
309, 131
309, 267
309, 113
337, 291
80, 291
413, 63
413, 302
240, 413
561, 611
603, 90
179, 97
90, 82
97, 82
250, 326
329, 262
71, 617
88, 71
476, 71
357, 261
261, 91
94, 269
579, 94
92, 94
242, 253
102, 242
105, 211
107, 108
269, 108
246, 143
603, 110
143, 115
110, 115
402, 115
293, 230
472, 293
111, 345
135, 549
116, 118
116, 135
116, 121
126, 348
619, 124
103, 126
124, 126
129, 84
111, 234
516, 478
210, 125
210, 136
210, 516
183, 236
183, 228
144, 615
193, 183
615, 183
312, 620
620, 139
367, 139
141, 144
355, 457
272, 591
591, 355
232, 137
232, 166
149, 232
151, 252
338, 460
555, 255
152, 555
253, 555
154, 157
330, 357
111, 257
322, 390
322, 194
322, 583
386, 603
544, 196
457, 544
375, 544
321, 362
283, 321
599, 407
377, 407
246, 358
199, 440
440, 246
370, 246
236, 180
255, 180
290, 180
327, 359
356, 372
619, 229
229, 356
303, 266
348, 557
63, 557
320, 557
69, 202
271, 69
617, 69
153, 123
123, 335
111, 161
111, 264
111, 430
111, 233
95, 380
380, 111
228, 317
325, 317
354, 317
153, 308
302, 179
137, 179
308, 179
315, 619
311, 536
226, 307
310, 307
324, 215
215, 301
203, 341
341, 299
249, 214
297, 296
298, 287
294, 287
247, 175
175, 623
175, 132
175, 272
431, 158
153, 279
166, 159
279, 159
185, 241
372, 153
256, 153
225, 247
182, 100
384, 565
384, 182
384, 174
230, 456
202, 217
362, 217
192, 217
289, 316
181, 203
206, 201
187, 376
187, 589
187, 206
602, 452
427, 313
427, 398
427, 224
196, 273
218, 239
169, 239
222, 239
358, 239
627, 902
627, 759
956, 665
665, 627
628, 749
628, 807
628, 955
1075, 649
649, 628
811, 1084
629, 1003
1084, 629
640, 676
1049, 630
823, 886
641, 658
676, 823
658, 823
630, 823
632, 635
632, 1028
1128, 631
631, 632
641, 633
706, 810
929, 653
653, 706
633, 706
991, 861
859, 936
668, 986
986, 859
861, 859
915, 667
860, 634
635, 915
634, 915
1083, 965
780, 1013
780, 988
965, 780
963, 887
636, 1004
887, 636
933, 850
933, 836
933, 912
933, 1111
933, 664
933, 695
933, 790
933, 793
933, 1126
933, 1082
933, 798
933, 849
933, 989
933, 1030
933, 931
1077, 891
891, 933
638, 660
638, 824
638, 1014
855, 637
637, 638
890, 639
725, 732
639, 640
732, 640
641, 710
641, 987
641, 863
935, 715
715, 641
1117, 1107
819, 1094
1107, 819
903, 778
1020, 804
804, 778
804, 642
804, 956
742, 643
644, 949
643, 644
750, 705
750, 733
666, 786
786, 750
1137, 645
1151, 805
843, 829
829, 645
829, 646
829, 1151
650, 662
650, 671
650, 1062
650, 1105
650, 816
707, 647
1092, 648
691, 1139
648, 650
647, 650
1139, 650
826, 751
751, 843
1147, 919
1147, 831
1147, 1000
1147, 785
1147, 838
1147, 1099
1071, 652
1018, 651
651, 652
651, 654
651, 1147
657, 1109
1097, 655
1058, 656
656, 657
655, 657
806, 895
668, 856
951, 794
856, 806
794, 806
1080, 730
659, 1029
1150, 753
730, 659
753, 659
1069, 1019
660, 1069
1037, 711
691, 703
691, 944
691, 990
996, 1148
1148, 711
1148, 808
1148, 691
946, 661
662, 903
902, 903
661, 903
818, 663
663, 810
663, 784
663, 666
1119, 726
696, 1145
726, 696
667, 696
905, 735
668, 846
668, 1125
668, 1095
668, 1085
668, 797
668, 937
668, 909
735, 668
1116, 669
1041, 945
669, 1041
672, 913
1035, 670
981, 760
671, 672
670, 672
760, 672
764, 814
1093, 1112
846, 764
1112, 764
1016, 923
969, 882
935, 673
882, 1016
673, 1016
704, 974
964, 674
674, 969
974, 969
765, 941
854, 867
941, 854
885, 866
762, 940
866, 762
702, 901
879, 693
1078, 883
883, 702
693, 702
1026, 728
782, 1066
721, 675
1066, 1026
675, 1026
964, 775
677, 874
775, 677
1149, 678
1002, 1088
678, 1002
1031, 679
680, 983
919, 680
679, 680
848, 788
958, 681
963, 1134
1134, 848
681, 848
1033, 682
683, 799
682, 683
998, 908
684, 694
908, 684
1073, 997
685, 738
997, 685
865, 686
687, 1118
686, 687
963, 930
832, 688
688, 963
1138, 689
792, 852
792, 968
689, 792
979, 756
1125, 979
824, 979
1138, 690
825, 898
825, 970
690, 825
692, 862
934, 910
977, 948
948, 692
910, 692
1081, 769
769, 811
773, 1038
694, 913
694, 943
694, 773
721, 1133
879, 697
1078, 698
698, 721
697, 721
1045, 699
700, 1103
699, 700
704, 1130
707, 701
703, 704
701, 704
707, 1001
705, 707
1142, 708
1102, 712
1120, 875
1029, 1102
708, 1102
875, 1102
1044, 791
1096, 709
712, 1044
710, 1044
709, 1044
741, 714
975, 748
747, 713
713, 714
713, 716
713, 975
922, 717
718, 1021
717, 718
928, 719
971, 932
719, 971
837, 720
812, 1027
720, 812
1027, 1081
1043, 723
1057, 722
723, 1071
722, 1071
827, 724
724, 725
737, 727
1142, 1104
728, 1049
1104, 1049
727, 1049
1142, 731
758, 845
1140, 884
995, 729
731, 758
884, 758
729, 758
1119, 770
752, 1127
770, 1140
1127, 1140
905, 813
905, 815
964, 1123
733, 905
1123, 905
944, 905
1122, 736
896, 734
736, 737
734, 737
801, 888
801, 870
738, 801
774, 740
876, 739
740, 741
987, 741
739, 741
800, 821
839, 1061
789, 767
821, 839
767, 839
1090, 1076
1076, 742
789, 743
743, 782
744, 993
990, 744
1063, 1141
746, 787
1080, 745
1141, 746
745, 746
1051, 1054
1054, 747
879, 817
879, 853
879, 959
748, 879
983, 752
749, 752
1142, 755
1086, 834
928, 754
755, 1086
754, 1086
862, 1086
756, 995
814, 995
757, 973
817, 757
900, 924
831, 900
759, 900
1142, 1072
885, 761
1072, 1057
761, 1057
765, 802
765, 1110
765, 1059
765, 1131
860, 763
763, 765
1080, 766
768, 984
766, 768
1142, 771
896, 772
772, 774
771, 774
939, 1089
776, 1064
1089, 776
1100, 777
779, 921
777, 779
781, 1042
781, 966
1000, 781
1098, 783
785, 1128
783, 1128
789, 907
789, 1129
788, 789
787, 789
1075, 1070
1064, 791
1064, 1152
1064, 1075
926, 796
1119, 994
994, 1150
802, 1150
796, 1150
898, 1149
1025, 1146
935, 1101
1146, 1037
1101, 1037
1078, 822
853, 1122
822, 1122
907, 1122
1056, 1039
1080, 1012
1039, 1080
1145, 1080
1142, 809
1142, 864
890, 1011
1011, 1142
865, 1143
1143, 1138
809, 1137
1014, 1137
1109, 1137
1034, 1009
1070, 1034
838, 1034
1008, 1136
1136, 818
873, 947
1098, 1050
952, 1135
1062, 873
1050, 873
1135, 873
1133, 800
960, 871
978, 1132
1129, 960
1132, 960
1092, 847
945, 923
945, 1124
945, 1092
899, 953
953, 1033
1119, 841
1031, 1121
1121, 1119
1009, 1119
1117, 1024
1117, 917
1118, 1117
998, 840
840, 1116
890, 1115
1115, 876
959, 876
1068, 1046
1046, 998
928, 927
1095, 1058
927, 1058
958, 872
958, 1015
906, 1091
1091, 958
894, 858
1031, 985
972, 1017
1105, 894
985, 894
1017, 894
851, 1114
982, 828
1114, 982
893, 881
1113, 976
881, 1113
1087, 1005
1005, 1098
1018, 897
897, 1073
890, 1108
1106, 1052
1108, 1106
1110, 1106
805, 928
1103, 1100
999, 1055
1085, 1097
1055, 1097
1094, 1090
1088, 1083
1035, 938
1099, 1078
938, 1078
1144, 1032
949, 858
949, 1074
949, 1144
976, 1068
832, 1067
906, 1065
1065, 1063
1067, 1063
926, 1060
1059, 1056
1060, 1056
1010, 1053
1051, 1023
1053, 1051
890, 1048
877, 1047
1047, 1043
1048, 1043
1010, 957
957, 1045
992, 911
1007, 950
911, 1007
1042, 991
929, 1040
1040, 1025
993, 1025
1038, 1035
1032, 1031
926, 844
1028, 926
1023, 837
1021, 1020
885, 795
797, 977
795, 977
939, 1006
1024, 939
924, 832
890, 833
833, 1096
807, 1096
869, 914
955, 869
916, 803
813, 929
803, 929
816, 890
815, 890
868, 880
820, 1036
863, 820
880, 820
1052, 820
799, 826
827, 1022
827, 918
872, 827
961, 878
921, 834
921, 835
921, 961
851, 925
1130, 851
874, 851
844, 1120
1131, 1120
841, 1120
842, 857
857, 845
857, 889
857, 855
950, 1036
950, 1079
950, 860
980, 830
871, 868
864, 868
830, 868
936, 877
895, 877
878, 885
888, 893
901, 896
1061, 896
1006, 899
852, 922
892, 942
942, 1008
847, 964
968, 1018
967, 962
937, 934
962, 934
1003, 947
1003, 954
1003, 1087
1012, 978
930, 978
1015, 978
996, 904
904, 892
917, 1010
984, 980
1022, 980
1004, 980
1013, 996
970, 992
988, 886
988, 920
988, 906
1001, 916
870, 842
1808, 1296
1352, 1710
1312, 1153
1393, 1861
1710, 1808
1153, 1808
1861, 1808
1671, 1908
1155, 1707
1155, 1636
1238, 1154
1154, 1155
1908, 1155
1157, 1484
1157, 1416
1671, 1156
1279, 1262
1262, 1157
1156, 1157
1319, 1748
1159, 1799
1473, 1158
1158, 1159
1748, 1159
1474, 1570
1474, 1801
1474, 1632
1303, 1638
1521, 1380
1638, 1474
1380, 1474
1295, 1160
1835, 1568
1698, 1786
1786, 1835
1160, 1835
1484, 1835
1162, 1881
1203, 1540
1898, 1161
1540, 1162
1161, 1162
1672, 1165
1495, 1164
1640, 1163
1164, 1672
1163, 1672
1290, 1432
1623, 1166
1166, 1290
1165, 1290
1703, 1292
1169, 1503
1584, 1167
1477, 1168
1292, 1169
1168, 1169
1167, 1169
1678, 1178
1678, 1868
1678, 1455
1224, 1180
1180, 1678
1186, 1170
1780, 1653
1170, 1780
1172, 1706
1172, 1289
1465, 1171
1171, 1172
1570, 1172
1175, 1518
1198, 1173
1189, 1174
1174, 1175
1173, 1175
1538, 1176
1331, 1824
1331, 1599
1331, 1856
1331, 1327
1303, 1177
1177, 1331
1176, 1331
1338, 1185
1338, 1704
1338, 1373
1338, 1314
1338, 1616
1546, 1896
1896, 1338
1178, 1338
1224, 1362
1224, 1820
1499, 1179
1422, 1883
1179, 1224
1883, 1224
1182, 1334
1536, 1181
1312, 1401
1591, 1285
1401, 1182
1181, 1182
1285, 1182
1817, 1472
1817, 1605
1909, 1184
1759, 1183
1184, 1817
1183, 1817
1720, 1851
1186, 1429
1186, 1716
1186, 1594
1851, 1186
1185, 1186
1187, 1396
1187, 1646
1546, 1378
1378, 1187
1362, 1187
1189, 1715
1512, 1188
1188, 1189
1480, 1330
1480, 1328
1584, 1758
1591, 1190
1758, 1480
1190, 1480
1608, 1486
1608, 1580
1343, 1191
1705, 1192
1192, 1608
1191, 1608
1332, 1196
1309, 1670
1781, 1523
1670, 1332
1523, 1332
1519, 1345
1519, 1485
1591, 1194
1508, 1193
1194, 1519
1193, 1519
1520, 1857
1520, 1379
1343, 1195
1891, 1301
1301, 1520
1195, 1520
1198, 1719
1198, 1795
1675, 1197
1197, 1198
1196, 1198
1201, 1313
1201, 1310
1652, 1199
1204, 1200
1200, 1201
1199, 1201
1203, 1765
1703, 1202
1584, 1555
1202, 1203
1555, 1203
1767, 1754
1754, 1204
1207, 1829
1405, 1205
1493, 1206
1206, 1207
1205, 1207
1218, 1229
1418, 1266
1674, 1347
1266, 1218
1347, 1218
1614, 1681
1208, 1280
1681, 1208
1649, 1209
1211, 1346
1487, 1210
1210, 1211
1209, 1211
1214, 1274
1843, 1213
1303, 1212
1213, 1214
1212, 1214
1215, 1663
1694, 1478
1735, 1481
1478, 1215
1481, 1215
1219, 1651
1219, 1893
1219, 1578
1583, 1216
1633, 1217
1217, 1219
1216, 1219
1221, 1656
1550, 1220
1479, 1661
1220, 1221
1661, 1221
1720, 1225
1226, 1790
1226, 1564
1878, 1223
1843, 1222
1225, 1226
1223, 1226
1222, 1226
1809, 1657
1809, 1544
1463, 1384
1774, 1227
1227, 1809
1384, 1809
1230, 1744
1421, 1228
1229, 1230
1228, 1230
1231, 1232
1231, 1855
1231, 1734
1405, 1826
1781, 1695
1695, 1231
1826, 1231
1233, 1277
1233, 1409
1504, 1740
1232, 1233
1740, 1233
1703, 1736
1703, 1360
1703, 1541
1241, 1235
1676, 1234
1235, 1703
1234, 1703
1322, 1491
1473, 1236
1527, 1340
1340, 1322
1236, 1322
1658, 1237
1609, 1392
1237, 1238
1392, 1238
1241, 1326
1530, 1239
1569, 1593
1357, 1240
1240, 1241
1593, 1241
1239, 1241
1673, 1853
1760, 1685
1559, 1242
1242, 1673
1685, 1673
1313, 1673
1439, 1847
1426, 1387
1875, 1243
1387, 1439
1243, 1439
1271, 1333
1352, 1576
1576, 1271
1652, 1244
1245, 1438
1504, 1515
1244, 1245
1515, 1245
1475, 1797
1565, 1248
1424, 1246
1584, 1247
1248, 1475
1247, 1475
1246, 1475
1252, 1677
1530, 1250
1569, 1249
1357, 1251
1251, 1252
1250, 1252
1249, 1252
1309, 1298
1746, 1417
1284, 1551
1417, 1309
1551, 1309
1650, 1254
1255, 1686
1617, 1253
1254, 1255
1253, 1255
1256, 1590
1487, 1714
1755, 1434
1714, 1256
1434, 1256
1650, 1764
1463, 1257
1556, 1258
1258, 1650
1257, 1650
1649, 1261
1524, 1813
1508, 1259
1490, 1260
1261, 1524
1260, 1524
1259, 1524
1683, 1263
1498, 1264
1265, 1469
1264, 1265
1263, 1265
1319, 1579
1712, 1267
1720, 1557
1343, 1268
1268, 1319
1557, 1319
1267, 1319
1683, 1269
1750, 1270
1621, 1428
1270, 1621
1269, 1621
1864, 1838
1805, 1272
1849, 1403
1272, 1864
1403, 1864
1556, 1273
1273, 1705
1671, 1302
1276, 1667
1538, 1275
1429, 1276
1275, 1276
1274, 1276
1302, 1276
1278, 1884
1432, 1278
1277, 1278
1279, 1800
1279, 1721
1843, 1639
1639, 1279
1644, 1858
1729, 1431
1729, 1371
1651, 1729
1858, 1729
1468, 1281
1465, 1625
1465, 1501
1281, 1465
1280, 1465
1504, 1282
1495, 1283
1283, 1284
1282, 1284
1909, 1414
1505, 1699
1508, 1792
1699, 1909
1792, 1909
1732, 1737
1473, 1761
1493, 1892
1892, 1732
1761, 1732
1907, 1769
1907, 1837
1818, 1410
1511, 1830
1830, 1907
1410, 1907
1749, 1647
1711, 1905
1584, 1865
1905, 1749
1865, 1749
1518, 1749
1459, 1344
1631, 1757
1542, 1534
1545, 1471
1534, 1459
1667, 1459
1757, 1459
1471, 1459
1546, 1307
1546, 1727
1546, 1862
1859, 1747
1477, 1627
1627, 1546
1747, 1546
1903, 1514
1500, 1860
1860, 1903
1486, 1903
1374, 1902
1857, 1530
1902, 1530
1898, 1777
1619, 1900
1330, 1898
1900, 1898
1649, 1897
1895, 1389
1609, 1582
1582, 1895
1897, 1895
1614, 1753
1468, 1783
1783, 1843
1753, 1843
1818, 1821
1891, 1816
1893, 1891
1821, 1891
1888, 1291
1611, 1890
1505, 1867
1890, 1888
1867, 1888
1725, 1436
1887, 1437
1623, 1386
1436, 1887
1386, 1887
1834, 1885
1584, 1509
1885, 1422
1509, 1422
1767, 1882
1381, 1433
1495, 1819
1819, 1381
1882, 1381
1762, 1776
1361, 1456
1456, 1762
1881, 1762
1768, 1537
1770, 1664
1781, 1659
1537, 1770
1659, 1770
1878, 1701
1824, 1878
1788, 1901
1444, 1452
1875, 1702
1702, 1788
1452, 1788
1497, 1828
1828, 1875
1656, 1875
1768, 1299
1654, 1532
1350, 1586
1833, 1811
1532, 1768
1811, 1768
1586, 1768
1476, 1752
1846, 1610
1497, 1496
1496, 1846
1752, 1846
1872, 1692
1550, 1873
1899, 1869
1873, 1872
1869, 1872
1712, 1775
1307, 1712
1868, 1712
1502, 1863
1584, 1866
1863, 1859
1866, 1859
1426, 1854
1466, 1349
1854, 1466
1855, 1466
1798, 1850
1365, 1852
1850, 1849
1852, 1849
1525, 1522
1614, 1713
1468, 1440
1633, 1848
1597, 1679
1440, 1525
1848, 1525
1679, 1525
1713, 1525
1294, 1588
1316, 1575
1476, 1660
1769, 1357
1575, 1357
1588, 1357
1660, 1357
1844, 1842
1844, 1451
1844, 1642
1426, 1845
1444, 1906
1845, 1844
1906, 1844
1839, 1425
1618, 1840
1840, 1839
1842, 1839
1834, 1751
1812, 1836
1836, 1834
1838, 1834
1683, 1741
1683, 1730
1683, 1526
1683, 1442
1649, 1832
1393, 1408
1408, 1683
1832, 1683
1779, 1696
1894, 1482
1482, 1779
1829, 1779
1354, 1823
1427, 1430
1405, 1825
1823, 1427
1825, 1427
1822, 1645
1446, 1535
1698, 1643
1535, 1822
1416, 1822
1643, 1822
1818, 1595
1818, 1445
1727, 1818
1820, 1818
1816, 1774
1359, 1717
1492, 1419
1746, 1814
1717, 1492
1814, 1492
1649, 1390
1508, 1794
1759, 1606
1390, 1812
1606, 1812
1794, 1812
1573, 1516
1312, 1810
1516, 1421
1810, 1421
1336, 1529
1312, 1320
1853, 1336
1320, 1336
1807, 1607
1479, 1738
1738, 1807
1837, 1807
1479, 1624
1624, 1805
1491, 1805
1511, 1317
1648, 1804
1720, 1604
1804, 1511
1604, 1511
1619, 1803
1803, 1536
1671, 1398
1552, 1574
1716, 1552
1800, 1552
1801, 1552
1398, 1552
1435, 1297
1431, 1435
1793, 1871
1793, 1369
1793, 1655
1533, 1778
1797, 1793
1778, 1793
1584, 1791
1791, 1505
1644, 1785
1447, 1560
1671, 1585
1785, 1447
1585, 1447
1790, 1447
1782, 1528
1617, 1784
1813, 1782
1784, 1782
1468, 1464
1647, 1468
1777, 1468
1348, 1561
1397, 1806
1806, 1348
1483, 1394
1308, 1450
1394, 1444
1450, 1444
1295, 1773
1700, 1772
1772, 1767
1773, 1767
1775, 1767
1708, 1510
1592, 1453
1510, 1592
1741, 1592
1649, 1789
1649, 1690
1649, 1886
1649, 1889
1649, 1325
1312, 1581
1581, 1649
1611, 1766
1870, 1543
1766, 1498
1543, 1498
1765, 1870
1472, 1870
1760, 1324
1354, 1743
1743, 1760
1764, 1760
1680, 1756
1751, 1750
1756, 1750
1745, 1634
1694, 1874
1584, 1603
1874, 1745
1603, 1745
1375, 1612
1620, 1423
1402, 1742
1612, 1620
1742, 1620
1303, 1739
1739, 1597
1862, 1597
1584, 1458
1507, 1602
1736, 1735
1602, 1735
1458, 1735
1294, 1731
1572, 1412
1550, 1415
1415, 1572
1731, 1572
1596, 1796
1776, 1596
1730, 1596
1677, 1418
1789, 1418
1725, 1300
1463, 1728
1297, 1725
1728, 1725
1724, 1454
1676, 1558
1558, 1724
1502, 1709
1692, 1502
1884, 1502
1463, 1723
1654, 1880
1880, 1354
1723, 1354
1426, 1372
1286, 1341
1341, 1426
1298, 1426
1583, 1722
1871, 1720
1722, 1720
1715, 1711
1719, 1711
1709, 1708
1503, 1708
1626, 1462
1372, 1626
1734, 1626
1512, 1489
1489, 1674
1389, 1674
1648, 1315
1648, 1448
1706, 1648
1707, 1648
1701, 1698
1704, 1698
1658, 1351
1312, 1577
1584, 1697
1577, 1658
1697, 1658
1345, 1658
1696, 1694
1847, 1694
1312, 1691
1591, 1693
1691, 1640
1561, 1640
1693, 1640
1494, 1771
1690, 1675
1771, 1675
1473, 1689
1483, 1688
1688, 1899
1689, 1899
1538, 1311
1521, 1687
1687, 1538
1684, 1726
1684, 1600
1583, 1802
1369, 1684
1802, 1684
1584, 1615
1499, 1682
1360, 1680
1682, 1680
1615, 1680
1671, 1441
1671, 1399
1671, 1601
1671, 1553
1393, 1293
1485, 1671
1886, 1671
1293, 1671
1623, 1635
1531, 1669
1635, 1286
1669, 1286
1726, 1556
1373, 1556
1700, 1376
1350, 1288
1289, 1700
1288, 1700
1583, 1460
1583, 1513
1291, 1583
1605, 1583
1400, 1318
1318, 1611
1528, 1611
1295, 1329
1578, 1295
1323, 1420
1287, 1622
1420, 1287
1296, 1287
1304, 1461
1798, 1370
1657, 1304
1370, 1304
1755, 1630
1889, 1894
1630, 1894
1559, 1815
1359, 1598
1544, 1559
1300, 1559
1299, 1559
1598, 1559
1306, 1506
1637, 1305
1425, 1306
1305, 1306
1500, 1385
1527, 1629
1629, 1308
1385, 1308
1815, 1676
1310, 1676
1324, 1676
1522, 1352
1460, 1352
1455, 1352
1311, 1352
1316, 1449
1446, 1443
1315, 1316
1443, 1316
1314, 1316
1446, 1566
1633, 1876
1876, 1446
1513, 1446
1490, 1641
1414, 1521
1641, 1521
1517, 1628
1628, 1400
1409, 1400
1644, 1763
1317, 1294
1763, 1294
1350, 1589
1721, 1463
1589, 1463
1632, 1463
1560, 1323
1568, 1323
1645, 1323
1344, 1323
1406, 1395
1393, 1613
1326, 1406
1333, 1406
1325, 1406
1613, 1406
1448, 1476
1329, 1476
1616, 1476
1512, 1841
1841, 1361
1795, 1361
1831, 1470
1487, 1877
1351, 1831
1877, 1831
1637, 1666
1637, 1554
1497, 1337
1337, 1637
1334, 1637
1353, 1488
1488, 1375
1529, 1375
1374, 1382
1411, 1665
1483, 1342
1342, 1411
1382, 1411
1609, 1571
1494, 1718
1571, 1573
1718, 1573
1349, 1353
1346, 1353
1462, 1353
1358, 1879
1614, 1355
1653, 1358
1355, 1358
1495, 1363
1746, 1364
1364, 1365
1363, 1365
1367, 1404
1746, 1827
1500, 1562
1562, 1367
1827, 1367
1343, 1368
1371, 1374
1368, 1374
1377, 1413
1377, 1904
1376, 1377
1600, 1377
1388, 1547
1527, 1383
1383, 1388
1379, 1388
1901, 1512
1737, 1512
1587, 1391
1395, 1631
1574, 1631
1454, 1631
1391, 1631
1833, 1549
1549, 1343
1636, 1343
1493, 1548
1548, 1517
1404, 1517
1584, 1321
1533, 1366
1541, 1618
1366, 1618
1321, 1618
1312, 1567
1590, 1402
1567, 1402
1413, 1359
1595, 1359
1451, 1424
1666, 1424
1470, 1350
1441, 1350
1733, 1539
1663, 1733
1526, 1733
1655, 1633
1617, 1467
1798, 1356
1356, 1531
1467, 1531
1566, 1654
1396, 1654
1335, 1668
1493, 1339
1339, 1335
1449, 1335
1644, 1457
1904, 1652
1457, 1652
1787, 1662
1506, 1787
1442, 1787
1646, 1644
1507, 1407
1407, 1303
1634, 1303
1625, 1833
1599, 1833
1397, 1563
1328, 1614
1563, 1614
1464, 1542
1856, 1542
1399, 1542
1879, 1542
1594, 1587
1327, 1587
1501, 1587
1601, 1587
1579, 1569
1580, 1569
1642, 1565
1554, 1565
1445, 1545
1553, 1545
1564, 1545
2396, 1910
1911, 2413
1911, 2147
1911, 2125
1910, 1911
1985, 2140
2041, 2290
2140, 2041
2383, 1912
1913, 2340
1912, 1913
2206, 2373
2213, 1983
2326, 1915
1979, 1914
1915, 2213
2373, 2213
1914, 2213
2112, 2390
1941, 2382
2114, 2459
2270, 2133
2390, 1941
2133, 1941
2459, 1941
1978, 2010
1923, 2169
2458, 2300
2191, 2414
2414, 2169
2414, 2160
2414, 2458
2184, 2025
2457, 2243
2088, 2142
2025, 2457
2142, 2457
2098, 2453
2385, 2448
2445, 2454
2453, 2385
2454, 2385
2281, 2043
2123, 2111
2123, 2085
2123, 2280
2123, 1938
2043, 2123
2438, 2451
2439, 2350
2451, 2439
1985, 2162
2449, 2144
2449, 2059
2162, 2449
2083, 1917
2083, 2296
2132, 2157
2157, 2083
2270, 2369
2270, 2289
2008, 2163
2163, 2270
2446, 2292
1936, 2420
2110, 2447
2447, 2446
2420, 2446
2445, 2246
2445, 2358
2168, 2344
2344, 2445
2305, 2188
2119, 2038
2188, 2119
2443, 1986
2413, 2443
2311, 2441
2434, 2201
2441, 2434
2181, 2440
2440, 2438
1985, 2271
2112, 1984
2271, 2112
2437, 2200
2335, 2203
2203, 2437
2435, 2359
2435, 2121
2192, 1919
1980, 2436
2436, 2435
1919, 2435
1921, 2048
2111, 1921
2432, 2139
1925, 2433
2433, 2432
2430, 2273
2064, 2431
2234, 2175
2175, 2430
2431, 2430
2216, 2384
1939, 1942
2384, 1939
2405, 2429
2427, 2244
2429, 2427
2233, 2426
2282, 2327
2259, 2245
2426, 2282
2245, 2282
2424, 2026
2284, 2324
2000, 2297
2324, 2424
2297, 2424
1922, 2379
2208, 2249
2379, 2208
2064, 2052
2116, 1982
1982, 2064
2328, 2256
2036, 2023
2023, 2328
2421, 1937
2031, 2050
2050, 2421
2359, 2421
1927, 2419
2423, 2126
2419, 2423
2098, 2330
2149, 2416
2330, 2116
2416, 2116
1927, 2129
1927, 2293
2343, 2320
2320, 1927
1945, 2411
2411, 2191
2409, 2302
2088, 2279
2022, 2291
2279, 2409
2291, 2409
2408, 2143
2294, 2040
2054, 1951
2040, 2408
1951, 2408
1947, 2034
2067, 2406
2294, 2165
2165, 1947
2406, 1947
2207, 2202
2202, 2405
2402, 2215
2205, 2376
2376, 2402
2034, 2402
2401, 2154
2401, 2015
2166, 2062
2062, 2401
2456, 2377
2456, 2193
2002, 2177
2177, 2456
2047, 2399
2365, 2274
2294, 2237
2237, 2365
2399, 2365
2397, 2398
2144, 2000
2398, 2000
2397, 2221
2397, 2084
2197, 2283
2283, 2397
2257, 2370
2395, 1960
2370, 2395
1944, 2006
2316, 2394
2393, 2345
2393, 2073
2006, 2393
2394, 2393
1985, 2391
2389, 2003
2192, 2392
2391, 2389
2392, 2389
2387, 2182
2085, 2387
2159, 2131
2386, 1958
2131, 2386
2336, 2018
2383, 2127
2018, 2383
1978, 1974
1934, 2230
2201, 2382
2201, 2371
2201, 1934
2205, 2381
2124, 2248
2381, 2124
1978, 2141
1990, 2176
2340, 2176
2340, 2380
2340, 2197
2028, 2198
2349, 2210
2302, 2028
2210, 2028
1978, 2418
1932, 2226
2372, 2167
1964, 2378
2378, 2226
2378, 2374
2378, 2372
2404, 2334
2448, 2404
2129, 2404
1965, 2287
2224, 2009
2287, 2224
2306, 2076
2369, 2306
2067, 2368
2335, 2101
2368, 2335
2248, 2335
1959, 2367
2366, 2107
2367, 2366
2362, 2081
2294, 2363
2016, 2095
2363, 2362
2095, 2362
2360, 2252
2360, 1916
2234, 2361
2361, 2360
2108, 2410
1992, 2357
2388, 2117
2357, 2108
2117, 2108
2266, 2323
2266, 2295
2266, 2268
2266, 2228
2266, 2105
2096, 2355
2312, 2352
2002, 2356
2352, 2266
2355, 2266
2356, 2266
1978, 2346
2186, 2348
2033, 2347
2350, 2348
2350, 2342
2350, 2033
2103, 2341
2354, 2013
2341, 2354
2036, 2322
1995, 2339
2339, 2036
2242, 2337
2223, 2253
2337, 2223
1965, 1993
2253, 1965
1952, 2444
1966, 2332
2332, 1952
2334, 1952
1955, 2331
2331, 2022
2227, 2106
2173, 2329
2327, 2326
2106, 2326
2329, 2326
2267, 2276
2035, 2325
2323, 2267
2246, 2267
2325, 2267
1985, 2286
1918, 2146
1954, 1933
2286, 1918
1933, 1918
2156, 2218
2156, 2170
2294, 2321
2321, 2156
2322, 2156
1966, 2318
2318, 2316
2273, 2316
2336, 2315
2261, 2171
2315, 2261
2455, 2024
2118, 2364
2044, 2313
2239, 2153
2364, 2239
2024, 2239
2313, 2239
1944, 2262
2172, 2051
2252, 1944
2051, 1944
2066, 1971
2311, 2061
1971, 2311
2004, 1948
2004, 1976
2347, 2004
2307, 2179
2172, 2309
2309, 2307
2098, 2304
1917, 2166
2304, 2166
1978, 2071
2029, 2301
1996, 2303
2303, 2301
2303, 2450
2303, 2234
2149, 2090
2300, 2149
2294, 2299
2299, 2110
2289, 2110
1961, 2164
2057, 2317
2295, 1961
2296, 1961
2317, 1961
2020, 1975
2294, 2014
2014, 2020
2221, 2020
1935, 2217
2294, 1962
2294, 1930
2294, 2075
2294, 2417
2217, 2294
2136, 2222
2136, 2122
1925, 2265
2396, 2235
2235, 2136
2265, 2136
1985, 2452
2452, 1979
2293, 1979
2442, 1998
2290, 2442
2444, 2442
2292, 2442
2192, 2288
2049, 2069
2288, 2049
1985, 2298
2338, 2285
2285, 2284
2298, 2284
2178, 2093
2281, 2150
2093, 2281
2278, 2091
2280, 2278
1978, 2046
2258, 2277
2277, 2276
2277, 2195
2277, 2168
2206, 2275
1929, 2272
2272, 1932
2275, 1932
2003, 1932
1985, 2236
1985, 2030
1985, 2039
1935, 2269
2268, 1985
2269, 1985
2088, 2264
2264, 2031
2087, 2263
2183, 2415
2263, 2183
2070, 2260
2260, 2259
2262, 2259
2415, 2258
2145, 2079
2079, 2257
2255, 2196
1935, 2104
2104, 2255
2256, 2255
2205, 2250
1956, 2077
2002, 2254
2077, 1935
2250, 1935
2254, 1935
1993, 1922
2190, 2422
1966, 2199
2358, 1966
2422, 1966
2351, 1972
2351, 2204
2351, 2174
1916, 2351
1978, 1989
2027, 2247
2312, 2130
1973, 1920
1920, 2247
1920, 1967
1920, 2312
2244, 2087
2055, 2185
2228, 1923
2090, 1923
2185, 1923
1978, 1926
2353, 1924
2225, 2011
2407, 2308
2308, 1924
2308, 2078
2308, 2225
2428, 1928
1928, 2216
2227, 1997
2349, 2319
2319, 1929
1997, 1929
2233, 2214
2233, 2074
2345, 2233
2088, 1931
2080, 1963
1931, 2044
1963, 2044
2089, 2007
2045, 2099
2007, 2045
2400, 2053
2053, 1996
1940, 2220
1937, 1940
2059, 1940
2198, 1940
2098, 1977
2098, 2128
2098, 2412
1978, 2375
2127, 2026
2127, 1991
2127, 2098
1942, 2407
1958, 1945
2115, 1946
1946, 2114
2081, 2114
2400, 2120
2120, 2159
1995, 2180
2180, 2067
2377, 2067
2100, 2065
2065, 2047
2241, 2113
2105, 2186
1948, 2186
2113, 2186
2236, 2455
2333, 2148
1949, 2032
2148, 1949
1956, 1999
2011, 1956
2150, 2336
1955, 2094
2192, 1953
1980, 2187
2187, 1955
1953, 1955
2089, 2068
2089, 2152
2230, 2089
2403, 2001
2403, 2238
2107, 2403
1957, 2229
2209, 2056
1962, 1957
2056, 1957
2061, 2181
2038, 2066
1964, 2161
1960, 1964
2151, 2211
1969, 2232
2211, 1969
2073, 1969
1972, 1954
2032, 1973
2189, 1988
1975, 2189
2143, 2189
1977, 1980
1976, 1980
1978, 2194
2343, 2240
2207, 1981
1981, 1983
1981, 2017
1981, 2343
1987, 2212
2030, 1987
1986, 1987
2048, 1959
2100, 2042
2128, 2100
1984, 1990
2068, 1990
1988, 1990
2193, 1992
2218, 1992
2096, 1994
1994, 1995
2130, 2205
1999, 2096
2001, 2242
2019, 1968
1968, 2305
2094, 2349
2243, 2349
2240, 2190
2412, 2190
2021, 2102
2102, 2396
2274, 2338
2229, 2338
2052, 2172
2222, 2088
2232, 2088
2158, 2231
2206, 2219
2212, 2158
2219, 2158
2220, 2158
2139, 2118
2147, 2118
2214, 2118
2182, 2207
2206, 2086
2388, 2138
2138, 2206
2070, 2137
2199, 2070
2388, 1950
2196, 2353
1950, 2353
2170, 2353
2037, 1943
1930, 1936
1943, 1936
2121, 2184
1978, 2082
1978, 2314
1978, 2251
1978, 2097
1970, 2310
2310, 1978
2137, 2173
2179, 2173
2204, 2173
2075, 2115
2152, 2115
2167, 2192
2161, 2333
2021, 2135
2135, 2151
2154, 2151
1938, 2400
2019, 2425
2425, 2103
2155, 2060
2060, 2428
2039, 2227
2009, 2410
2009, 2109
2009, 2002
2074, 2080
2122, 2080
2058, 2072
2084, 2058
2153, 2029
2086, 2029
2146, 2029
2178, 2134
2134, 2155
2238, 1998
2238, 2092
2238, 2008
2388, 2012
2215, 2027
2012, 2027
2091, 2019
2013, 2231
2013, 2063
2013, 2021
2249, 2164
2249, 2005
2249, 2132
2015, 1925
2171, 2145
2461, 2565
2461, 2706
2461, 2780
2461, 3060
2490, 3378
2885, 2966
3700, 2460
2460, 2461
3378, 2461
2966, 2461
2465, 2909
3309, 2463
3390, 2464
2744, 2462
2722, 2922
2464, 2465
2463, 2465
2462, 2465
2922, 2465
3502, 2466
3355, 3126
2466, 2885
3126, 2885
2467, 2824
2866, 2741
3293, 2483
2741, 2467
2483, 2467
3685, 2928
2468, 3214
2468, 3716
3463, 2608
2928, 2468
2608, 2468
2470, 3133
2975, 2469
2469, 2470
3496, 3269
2472, 3760
3024, 2471
3269, 2472
2471, 2472
2474, 3771
3554, 2855
3112, 3146
3094, 2473
2855, 2474
3146, 2474
2473, 2474
3050, 2531
2777, 2475
2891, 3470
3345, 2631
2631, 3050
2475, 3050
3470, 3050
2476, 2869
3179, 3777
3777, 2476
2478, 3331
3824, 2790
3152, 2477
3516, 3030
2477, 2478
3030, 2478
2790, 2478
2843, 2479
2643, 2480
3436, 3583
3436, 3175
2849, 2481
2481, 3436
2480, 3436
2479, 3436
3496, 2484
2485, 3210
3003, 2482
2484, 2485
2482, 2485
3640, 2486
2487, 2693
2486, 2487
3488, 2489
2901, 2488
2489, 2490
2488, 2490
2492, 3255
2492, 2877
2492, 3317
2492, 2634
2492, 3113
2492, 2809
3112, 2491
2491, 2492
3034, 2574
3034, 3357
3061, 3365
2917, 2494
3103, 2493
2847, 3584
2494, 3034
2493, 3034
3365, 3034
3584, 3034
2627, 3535
2627, 3377
2994, 2495
2495, 2627
2499, 3292
2499, 2675
3179, 2579
3127, 2498
3213, 2496
3031, 2497
2498, 2499
2497, 2499
2496, 2499
2579, 2499
2501, 3722
2501, 3422
2841, 2620
3551, 2638
3023, 2500
2620, 2501
2500, 2501
2638, 2501
3807, 3313
2957, 2503
3531, 2502
2503, 3807
2502, 3807
2506, 2804
3409, 3136
3560, 2505
3134, 2618
3697, 2504
2505, 2506
2618, 2506
2504, 2506
3136, 2506
2509, 3524
3020, 2507
3023, 2508
2508, 2509
2507, 2509
3001, 3780
3550, 2511
2801, 2510
3345, 3035
3035, 3001
2511, 3001
2510, 3001
3102, 2513
2514, 2719
3588, 2512
2664, 2948
2513, 2514
2948, 2514
2512, 2514
2517, 2786
2517, 2900
2663, 2516
3156, 2515
2516, 2517
2515, 2517
2519, 2825
3222, 3353
3118, 2518
3338, 2817
3353, 2519
2518, 2519
2817, 2519
3092, 3564
3092, 3359
3742, 2772
2718, 2520
3062, 2521
2772, 3092
2521, 3092
2520, 3092
2524, 3724
2524, 3064
3653, 2522
2910, 3157
2683, 2523
2523, 2524
2522, 2524
3157, 2524
2841, 2526
3148, 2525
2526, 2718
2525, 2718
2743, 3199
2999, 2527
3319, 2559
3345, 2528
2528, 2743
2527, 2743
2559, 2743
2529, 3281
2868, 2846
2846, 2529
2545, 3532
2749, 2530
3643, 3014
2530, 2545
3014, 2545
3148, 3007
3007, 2744
2531, 2744
2534, 3746
2534, 2814
2534, 3215
3277, 2533
2951, 2532
2533, 2534
2532, 2534
3204, 2797
3659, 2536
2683, 2537
3017, 2535
2537, 3204
2536, 3204
2535, 3204
3166, 3037
3393, 2540
3112, 2539
3094, 2538
2540, 3166
2539, 3166
2538, 3166
2542, 3158
3653, 2541
3729, 3224
2541, 2542
3224, 2542
3563, 3051
2775, 2610
3453, 3413
3051, 2775
3413, 2775
3261, 2973
3119, 3289
3112, 3046
3094, 2594
3289, 3261
3046, 3261
2594, 3261
3659, 3587
3659, 3719
3115, 2544
2762, 2546
2940, 2543
3666, 3005
2546, 3659
3005, 3659
2544, 3659
2543, 3659
2992, 3484
2992, 2651
2992, 2723
3355, 2547
2985, 2548
2548, 2992
2547, 2992
2710, 2549
2550, 3120
2549, 2550
2697, 3335
3143, 3194
3258, 2551
3335, 3143
2551, 3143
2553, 3385
2934, 3682
3398, 2552
3682, 2553
2552, 2553
3243, 3327
3243, 2880
2659, 3360
3026, 2554
2683, 2555
2555, 3243
3360, 3243
2554, 3243
2558, 3636
2558, 3546
2558, 3495
2558, 3099
2558, 2671
2558, 2958
3596, 2556
2756, 3093
3452, 2557
3093, 2558
2557, 2558
2556, 2558
3277, 2989
2562, 3320
3355, 2560
3123, 2561
2561, 2562
2560, 2562
2989, 2562
2564, 2918
3254, 3755
3104, 2563
2563, 2564
3755, 2564
2807, 3687
3010, 3673
2565, 2807
3673, 2807
2567, 3053
2876, 2566
2566, 2567
2841, 3591
3573, 3236
3167, 2795
3799, 2568
3591, 3573
2568, 3573
2795, 3573
2571, 3759
3314, 2570
3263, 2569
2570, 2571
2569, 2571
3094, 3350
3129, 3075
3255, 3452
3075, 3452
3350, 3452
2572, 3713
3473, 2853
2853, 2572
3737, 3410
3084, 2573
2574, 3737
2573, 3737
3604, 3310
3277, 2575
2951, 3438
2886, 2810
3438, 3604
2810, 3604
2575, 3604
2580, 2860
3277, 2576
2951, 2578
3090, 2577
2578, 2580
2577, 2580
2576, 2580
2664, 3471
2664, 3555
3748, 2581
2581, 2664
2786, 2664
2583, 3562
2866, 2582
3293, 2730
2582, 2583
2730, 2583
2764, 2864
2584, 2785
2584, 3810
2864, 2584
2587, 3683
2688, 2586
3101, 2585
2586, 2587
2585, 2587
2590, 3437
2590, 3122
2663, 2589
3643, 2588
2589, 2590
2588, 2590
2591, 2613
3321, 3386
3587, 2591
3386, 2591
2593, 3698
2609, 2592
3798, 3727
2592, 2593
3727, 2593
3316, 3218
3316, 3432
3316, 2691
3426, 3077
3077, 3316
2596, 3209
2596, 3305
3453, 2595
3307, 3621
3621, 2596
2595, 2596
3147, 3223
2847, 3284
3284, 3147
3182, 2597
3163, 3029
3163, 2873
2670, 2598
2849, 2599
2599, 3163
2598, 3163
2597, 3163
2601, 3198
3094, 3342
2965, 2600
2877, 2601
2600, 2601
3342, 2601
2603, 2990
2749, 2628
3643, 2602
2628, 2603
2602, 2603
2605, 3105
2605, 3654
2778, 2604
3170, 3248
2604, 2605
3248, 2605
3660, 2607
2687, 3203
3197, 3262
3315, 2606
3130, 3038
2607, 2687
3038, 2687
2606, 2687
3262, 2687
2787, 2812
2812, 2609
3524, 2609
3349, 2612
3426, 3124
3307, 2611
2612, 3222
2611, 3222
3124, 3222
2610, 3222
2614, 2699
2713, 3299
3299, 2614
2613, 2614
3311, 3280
3717, 2616
3182, 2615
3280, 3824
2616, 3824
2615, 3824
3597, 3525
2764, 2823
3515, 3805
2823, 3597
3805, 3597
3822, 2792
3822, 3610
2778, 3823
3232, 3264
3823, 3822
3264, 3822
3047, 3503
3797, 3820
3503, 2713
3820, 2713
3818, 3815
3010, 2765
2706, 3818
2765, 3818
3814, 3574
3571, 3200
2669, 3816
3816, 3814
3200, 3814
3802, 3225
2917, 3813
3813, 3802
3809, 2739
3454, 3478
3156, 3812
3478, 3809
3812, 3809
2999, 3738
3722, 3516
3738, 3516
3205, 3241
3029, 3205
2845, 3765
2947, 3211
3293, 3806
3211, 2845
3806, 2845
3263, 2800
2912, 3800
2800, 3798
3800, 3798
3797, 3628
3380, 3585
2956, 3449
2709, 3624
3427, 3033
3449, 3797
3033, 3797
3585, 3797
3624, 3797
2659, 3789
2659, 2626
3330, 3569
3497, 3795
3507, 3270
3274, 3796
3270, 2659
3569, 2659
3795, 2659
3796, 2659
3488, 3793
2684, 3709
3793, 3115
3709, 3115
3496, 3040
3132, 3552
3521, 2752
3040, 3132
2752, 3132
2629, 3790
3801, 3043
3139, 3792
3790, 3801
3792, 3801
2981, 3667
2981, 2872
3714, 2995
2841, 3634
3634, 2981
3789, 2981
2995, 2981
3784, 3325
2985, 3785
2677, 3788
3108, 3787
3785, 3784
3787, 3784
3788, 3784
3781, 2652
2998, 3782
3112, 3783
3094, 3006
3782, 3781
3783, 3781
3006, 3781
3779, 2712
2912, 3762
3780, 3779
3762, 3779
3496, 3776
3775, 3403
3791, 3506
3776, 3775
3506, 3775
3772, 3511
3063, 3773
3462, 3774
3773, 3772
3774, 3772
3285, 3767
3600, 3768
3042, 3769
2670, 3512
2670, 2852
2670, 2686
2670, 3012
2670, 3150
3767, 2670
3768, 2670
3769, 2670
3771, 2670
2994, 2848
3414, 3696
3197, 3580
3580, 2994
3696, 2994
2777, 3766
3275, 3265
3766, 3275
2929, 3228
3406, 2716
3815, 2929
2716, 2929
3687, 2929
3764, 3169
3764, 3590
2663, 2892
2962, 3578
2892, 3764
3578, 3764
3763, 3288
3061, 3625
3625, 3763
3182, 3736
3182, 2819
3182, 3074
3182, 2850
3182, 2759
3182, 3407
3754, 3757
2811, 3164
3579, 3273
3757, 3182
3273, 3182
3760, 3182
3164, 3182
3670, 3756
3201, 2696
3756, 3754
2696, 3754
3753, 3557
3753, 3235
3251, 3637
2683, 3500
2859, 3444
3500, 3753
3637, 3753
3444, 3753
2697, 3752
3751, 2879
3070, 3324
3752, 3751
3324, 3751
3748, 3268
3714, 3749
2841, 2798
3645, 3032
2798, 3748
3032, 3748
3749, 3748
3565, 2681
2898, 3676
3676, 3565
3525, 3565
3745, 3361
3208, 2829
3746, 3745
2829, 3745
3744, 3111
3571, 2896
2669, 3097
3097, 3744
2896, 3744
3743, 3629
3416, 2858
3551, 3460
2858, 3743
3460, 3743
2947, 3381
3183, 2640
3381, 3742
2640, 3742
2678, 3650
2979, 3282
3112, 3450
3094, 3739
3282, 2678
3450, 2678
3739, 2678
3245, 3260
3404, 3734
3734, 3245
3736, 3245
2785, 3245
3352, 2770
3008, 3732
3429, 3627
3627, 3352
3732, 3352
2951, 3728
3726, 3693
2985, 3730
3089, 3678
3728, 3726
3678, 3726
3730, 3726
3725, 3135
2742, 3662
3662, 3725
2963, 3568
3369, 2895
3568, 3497
2895, 3497
3622, 2617
2975, 2695
2695, 3622
2650, 3322
3183, 3336
3724, 2650
3336, 2650
3479, 3472
2955, 3720
3720, 3479
3169, 3479
2955, 3589
3714, 3185
2841, 2776
2776, 2955
3719, 2955
3185, 2955
3717, 2769
2841, 3481
3156, 3181
3052, 3718
3481, 3717
3718, 3717
3181, 3717
3715, 3804
3715, 2753
3158, 3715
2780, 3715
3714, 3217
3714, 2984
2763, 2977
2967, 3013
3713, 3714
3013, 3714
2977, 3714
3711, 3121
3267, 2854
3323, 2818
2854, 3711
2818, 3711
3707, 3318
3213, 3708
3708, 3707
3705, 3154
2890, 3706
3551, 3202
3202, 3705
3706, 3705
2697, 3287
2697, 2624
2697, 2755
2697, 3328
3094, 3657
3657, 2697
3317, 2697
3703, 3297
3031, 3542
3542, 3703
2837, 3138
3022, 3702
3112, 3701
2978, 2661
3701, 2837
3702, 2837
2661, 2837
3277, 3614
2951, 2932
2874, 3761
2932, 3700
3761, 3700
3614, 3700
3699, 2881
2876, 3646
3646, 3699
3697, 3530
2968, 3082
3698, 3697
3082, 3697
3692, 2840
2629, 3694
2960, 3695
3694, 3692
3695, 3692
3684, 2725
2683, 2953
3044, 3689
2953, 3684
3060, 3684
3689, 3684
3195, 3334
2963, 3326
2647, 2619
3326, 3195
2619, 3195
3679, 2694
3563, 3494
2746, 3681
3349, 3276
3681, 3679
3494, 3679
3683, 3679
3276, 3679
3165, 3677
3345, 3237
3237, 3314
3512, 3314
3677, 3314
3496, 3586
3496, 3106
3496, 2905
3496, 3348
3496, 3212
3496, 2701
3112, 3674
3094, 3675
3674, 3496
3675, 3496
2843, 3184
3671, 2842
3710, 3672
3672, 3671
3184, 3671
3670, 2834
2737, 3538
3538, 3670
3639, 2711
3550, 3668
3668, 3639
2852, 3639
3355, 3537
2985, 2882
2971, 2740
2740, 3666
3537, 3666
2882, 3666
3069, 3395
3688, 2964
3052, 3665
2964, 3069
3665, 3069
2680, 3230
3183, 3368
3293, 3613
2890, 3110
3551, 3664
3613, 2680
3368, 2680
3664, 2680
3110, 2680
3402, 3661
3661, 2746
3218, 2746
3331, 2746
3545, 3340
2908, 3466
3087, 2906
2906, 3545
3466, 3545
3409, 3391
3660, 2738
3660, 2903
3391, 3660
2934, 3054
2826, 2732
2732, 2934
3653, 3079
3366, 3658
3514, 3057
3439, 3655
3632, 3656
3655, 3653
3656, 3653
3658, 3653
3057, 3653
3618, 3649
2636, 3652
2737, 3651
3648, 3249
3648, 3464
3648, 3231
3649, 3648
3650, 3648
3651, 3648
3652, 3648
3615, 3647
3394, 3642
3134, 3155
3096, 3644
3642, 3134
3644, 3134
3647, 3134
3640, 3073
2849, 3747
3747, 3640
3810, 3640
3636, 3640
2899, 3638
2702, 2828
3398, 2920
3398, 2907
3398, 2844
2828, 3398
2879, 3398
3638, 3398
3355, 3544
2985, 3635
2875, 3553
3553, 3632
3544, 3632
3635, 3632
2760, 3794
3420, 2961
3721, 3576
3566, 3731
2961, 2760
3576, 2760
3629, 2760
3731, 2760
3620, 3371
3620, 3290
2777, 3623
3062, 3626
3623, 3620
3626, 3620
2944, 3619
3586, 3618
3619, 3618
2936, 3616
3616, 3615
3804, 3615
2931, 3467
3052, 3612
3799, 3611
3611, 2931
3612, 2931
3148, 2832
3740, 3609
2832, 2787
3609, 2787
3570, 3176
2986, 3608
2975, 3607
3607, 3570
3608, 3570
3811, 2861
3426, 3548
3493, 3229
3548, 3811
3229, 3811
2792, 3811
2884, 3266
2985, 3603
3159, 3605
3723, 3412
3603, 2884
3412, 2884
3605, 2884
2629, 3601
3116, 3602
3601, 3600
3602, 3600
3803, 3598
3112, 3461
3598, 3596
3461, 3596
3396, 2830
2789, 3594
3799, 3595
3594, 3396
3595, 3396
2951, 3518
2951, 3508
2951, 2635
2951, 3358
3355, 3593
3593, 2951
3588, 2833
3589, 3588
3590, 3588
3250, 2728
3583, 3250
3729, 3039
3383, 3581
2683, 3144
3144, 2866
3039, 2866
3581, 2866
2629, 3441
2946, 3575
3112, 3572
3572, 2629
3575, 2629
3454, 3567
3156, 3397
3567, 3566
3397, 3566
3563, 2911
3564, 3563
3371, 3563
3680, 3539
2942, 2950
3345, 3561
3561, 3680
3249, 3680
2950, 3680
2822, 3424
2890, 3559
3557, 2822
3559, 2822
2939, 3363
3186, 3556
3550, 3543
3550, 3308
3550, 2925
3550, 3219
3194, 3550
3363, 3550
3552, 3550
3556, 3550
2926, 3547
3345, 3351
3351, 2789
3546, 2789
3547, 2789
3483, 2983
3543, 3483
3740, 3541
3539, 2722
3541, 2722
2649, 2820
3114, 3419
3287, 2649
3419, 2649
3533, 2993
3206, 3536
3535, 3533
3536, 3533
3528, 3582
3337, 3529
3529, 3528
3532, 3528
3493, 3417
2778, 3240
3740, 3373
3240, 3493
3373, 3493
2894, 3526
3432, 3118
3526, 3118
3359, 3118
3290, 3118
3520, 3257
3520, 2729
3515, 3522
3376, 3523
3522, 3520
3523, 3520
2985, 2689
2949, 3519
3518, 3514
3519, 3514
2689, 3514
2927, 2715
2975, 3513
3513, 2927
3027, 3510
3509, 2700
3257, 3509
3510, 3509
3277, 2784
2969, 2796
3508, 3507
2796, 3507
2784, 3507
3505, 3227
3505, 3733
2938, 3000
3574, 3505
3000, 3505
3111, 3505
3499, 3474
3183, 3504
3064, 3499
3504, 3499
3491, 3534
3495, 3491
2819, 3491
3277, 3490
3355, 3489
3770, 3487
3487, 2940
3489, 2940
3490, 2940
2898, 3486
3486, 3376
2711, 3376
2930, 3477
3484, 3439
3477, 3439
3577, 3819
3592, 3482
2624, 3577
3482, 3577
3480, 3065
2865, 3808
3106, 3480
3808, 3480
3645, 3475
2683, 2835
3002, 3476
2835, 3454
3475, 3454
3476, 3454
3473, 2682
3047, 3669
3191, 3171
3669, 3473
3171, 3473
3095, 2773
3471, 3095
3472, 3095
3101, 2839
2841, 3347
2890, 3469
3263, 3468
3347, 3101
3468, 3101
3469, 3101
3173, 2731
3268, 3173
2900, 3173
3467, 3571
2918, 3571
3527, 2766
2991, 3189
3555, 3527
3189, 3527
3667, 3527
3406, 3465
3010, 2734
2734, 3463
3465, 3463
3180, 2653
3156, 3078
3078, 3462
2653, 3462
2841, 2959
3549, 3455
2912, 3458
2959, 3549
3458, 3549
3045, 3442
2905, 3042
3442, 3042
3062, 3457
3765, 3453
3457, 3453
3455, 3453
3193, 3272
2721, 3451
3009, 2774
2774, 3193
3451, 3193
2758, 3332
3041, 3447
3170, 3641
3447, 2758
3641, 2758
3445, 2857
3048, 3446
2814, 3445
3446, 3445
3440, 3278
3172, 3443
3441, 3440
3443, 3440
3435, 3434
2831, 2633
3437, 3435
2633, 3435
2904, 2821
3103, 2648
2648, 2904
3102, 3433
2836, 3663
3663, 3323
3433, 3323
3434, 3323
3209, 3402
3355, 3430
2985, 3431
3196, 3428
3428, 3427
3430, 3427
3431, 3427
3059, 3149
3149, 3426
3105, 3426
2644, 3423
3145, 3425
3423, 3420
3424, 3420
3425, 3420
3416, 2916
3141, 3125
2683, 3418
3418, 3416
3628, 3416
3125, 3416
3025, 3411
3410, 3409
3411, 3409
2704, 3405
3066, 2685
3404, 3408
3405, 3066
3408, 3066
2999, 2645
2999, 2720
2999, 3174
2999, 3252
3819, 2999
3278, 2999
3403, 2999
3037, 2999
3558, 3400
3192, 3401
3094, 3399
3399, 3803
3400, 3803
3401, 3803
3362, 3392
3759, 3390
2712, 3390
3392, 3390
3395, 3390
3027, 2625
3027, 2888
2923, 3388
3385, 3027
3388, 3027
3488, 3382
3246, 3384
3382, 3380
3384, 3380
3059, 3379
2863, 2642
3379, 3338
2642, 3338
3183, 3168
3293, 3686
3686, 3063
3168, 3063
2639, 3346
3084, 2914
3377, 2639
2914, 2639
3372, 2935
2868, 3374
3374, 3372
3599, 2799
3599, 3019
3227, 3599
3214, 3599
2804, 3599
2963, 3367
2988, 3370
3367, 3366
3370, 3366
3023, 3364
3199, 3362
3364, 3362
3729, 3750
2860, 3729
3361, 3729
3334, 3729
3693, 3729
2710, 2851
3292, 2710
3357, 2710
3267, 3356
2733, 3354
3786, 3220
3354, 3786
3121, 3786
3356, 3786
3349, 3501
3417, 3349
3610, 3349
2724, 2705
3348, 2756
2705, 2756
3343, 3085
3197, 3631
3086, 3344
3187, 2980
3344, 3343
3631, 3343
2980, 3343
2915, 3341
3340, 2669
3341, 2669
3041, 3339
3170, 3021
3339, 3337
3021, 3337
3232, 2714
3464, 3232
2757, 2791
2890, 3098
3235, 2757
3098, 2757
2897, 2673
3074, 2897
2769, 2897
3128, 2803
3127, 3300
3300, 3128
2622, 2637
2985, 3741
3016, 3088
3207, 2621
3741, 2622
2621, 2622
3088, 2622
3488, 2667
3142, 3735
2867, 2657
2667, 3142
2657, 3142
2681, 2643
2625, 2643
3080, 3498
3498, 3267
2766, 3267
2719, 3267
2731, 3267
3094, 3279
3076, 2630
2634, 2636
2630, 2636
3279, 2636
2976, 3421
3355, 2954
2954, 3321
3421, 3321
2637, 3321
2641, 2793
3517, 3244
3474, 2641
2824, 2641
3244, 2641
2909, 2641
3690, 2997
2788, 3389
2997, 2968
3389, 2968
2936, 3492
3492, 3394
2753, 3394
2645, 3515
2850, 3515
3056, 3131
3162, 2698
3212, 3056
2698, 3056
3645, 2887
2646, 3704
2626, 2646
2887, 2646
2913, 3117
2755, 3285
3117, 3285
2996, 3109
2651, 2762
3109, 2762
3277, 3459
3355, 2666
2666, 3488
3459, 3488
3233, 3036
2777, 2717
2777, 3091
3036, 2777
3198, 2777
3210, 2777
2652, 2777
2991, 2735
2663, 2654
3167, 3387
2654, 2991
3387, 2991
2778, 3190
3190, 3059
3054, 3059
3102, 2703
2836, 3049
2831, 3817
3049, 3080
3122, 3080
2703, 3080
3817, 3080
3485, 2656
3112, 3055
3094, 2727
2656, 3579
3055, 3579
2727, 3579
2962, 2748
3167, 3329
2748, 3690
3329, 3690
2946, 2676
3112, 3004
2676, 2737
3004, 2737
2826, 2871
3067, 2658
3345, 2660
2660, 3041
2871, 3041
2658, 3041
3304, 3415
3167, 2690
3327, 3304
2690, 3304
3071, 3068
2830, 3071
2725, 3071
3322, 3071
2841, 2662
2662, 2663
3217, 2663
2843, 2771
2771, 2898
3099, 2898
3094, 2767
2767, 2946
2668, 3137
2868, 2665
2665, 2668
3311, 2889
2889, 3152
2673, 3152
3236, 3152
2671, 3152
3206, 2674
2675, 3025
2674, 3025
2679, 3448
2972, 2945
2834, 2679
2945, 2679
2841, 3606
2841, 2794
2841, 3058
2763, 3691
2967, 2937
3691, 2841
2937, 2841
2682, 2841
2958, 2704
2688, 3226
2686, 2688
2692, 2813
2894, 2952
2691, 2692
2839, 2692
2952, 2692
3012, 2692
2902, 3295
2799, 2902
2816, 3239
2825, 2733
2861, 2733
2694, 2733
3239, 2733
2699, 2936
3704, 2936
3151, 3107
3560, 2623
3096, 3178
2700, 3560
3178, 3560
3107, 3560
2970, 3018
2701, 2702
3018, 2702
2878, 2870
3345, 3081
3081, 2749
2920, 2749
2870, 2749
3296, 2838
3221, 2815
3112, 2707
3094, 3271
2815, 3296
2707, 3296
3271, 3296
3062, 2708
3606, 2778
2708, 2778
2717, 2923
2714, 2923
2720, 3311
3422, 3311
3540, 2761
2723, 2956
2761, 2956
2924, 2745
3197, 2655
3315, 2726
2738, 2924
2655, 2924
3313, 2924
2726, 2924
2729, 3151
2888, 3151
2735, 3102
2872, 3102
3277, 2750
3355, 2862
2982, 2736
2736, 2709
2862, 2709
2750, 2709
2742, 3028
2739, 2742
3415, 2742
2793, 2742
3794, 2742
3562, 3517
2791, 3517
3068, 3517
2985, 2747
2747, 2963
2635, 2963
3094, 2883
2672, 3153
3113, 2939
3153, 2939
2883, 2939
2987, 3712
3215, 3330
3712, 3330
3251, 3302
3355, 3253
3253, 3251
3325, 3251
3266, 3251
2843, 3011
2751, 2921
3404, 3312
3312, 2751
3011, 2751
2842, 2751
3654, 2863
3617, 3259
2975, 2808
2808, 3617
2763, 3633
3750, 2763
2764, 2768
3758, 2754
2759, 2764
2754, 2764
3272, 2915
2770, 2915
2985, 3821
2933, 2779
3100, 2781
3821, 2976
2781, 2976
2779, 2976
3047, 3283
3302, 3047
2974, 3375
3079, 2974
3551, 2782
2916, 2644
2782, 2644
3643, 2783
3170, 3630
3630, 2788
2783, 2788
2794, 2947
3294, 3238
2962, 2941
2797, 3294
2941, 3294
2768, 3710
3534, 3710
3501, 2894
3216, 2893
2802, 3778
2893, 2802
3511, 3685
3154, 3685
3094, 2805
3291, 2806
2809, 2811
2806, 2811
2805, 2811
2813, 2816
3305, 2816
2911, 2816
3094, 3188
3138, 2899
3188, 2899
2826, 2632
2820, 2826
3043, 2826
3131, 2826
2973, 2826
3058, 2831
2907, 2831
2984, 2831
2773, 2836
2833, 2836
3065, 2843
2840, 2843
3448, 2843
2838, 2843
2985, 2919
3456, 3286
3358, 3274
3286, 3274
2919, 3274
3582, 3309
3332, 3309
3238, 3309
2990, 3309
3083, 3333
3328, 3233
3333, 3233
3310, 3645
2857, 3645
3735, 3645
3320, 3645
3062, 3160
3308, 3307
3160, 3307
2985, 3161
2827, 2856
3015, 3256
3161, 3502
3256, 3502
2856, 3502
3167, 3301
2880, 3721
3301, 3721
2943, 3303
3345, 3072
3072, 3688
3407, 3688
3303, 3688
3140, 3298
3112, 3306
3094, 3234
3298, 3186
3306, 3186
3234, 3186
2985, 3247
3247, 3277
3216, 3242
2849, 3177
3177, 3216
2925, 3216
3174, 3216
3826, 3870
4003, 4175
4129, 3825
4175, 3826
3825, 3826
3827, 4208
3853, 4269
4038, 3963
4269, 3827
3963, 3827
3934, 3877
4224, 3852
3869, 3828
3890, 4219
3877, 3890
3852, 3890
3828, 3890
4019, 3881
3997, 4182
4130, 3991
4182, 4019
3991, 4019
3902, 4283
3902, 4236
4180, 3831
4241, 3830
4063, 3829
3831, 3902
3830, 3902
3829, 3902
4048, 3898
4048, 4083
4298, 4017
4016, 3935
3935, 4048
4017, 4048
4141, 4105
4265, 3900
3889, 3832
3832, 4141
3900, 4141
3888, 4071
4089, 3833
3833, 3888
4156, 4036
4106, 3834
3834, 4156
4257, 4104
3853, 4133
4146, 4060
4133, 4257
4060, 4257
3893, 4189
3893, 4281
3878, 3856
4087, 3836
4120, 3835
4093, 4148
3836, 3893
3835, 3893
4148, 3893
3856, 3893
3905, 3882
3853, 3838
4023, 3837
3838, 3905
3837, 3905
3839, 3858
3839, 3924
3839, 3967
4101, 4127
4127, 3839
3951, 3985
3997, 3840
4132, 3931
3840, 3951
3931, 3951
3875, 3884
4144, 4288
4288, 3875
3843, 4029
3853, 3842
4136, 3841
3842, 3843
3841, 3843
4187, 4096
4115, 3844
3844, 4187
3854, 4242
4084, 3847
3873, 4005
4142, 3846
4092, 3845
3847, 3854
4005, 3854
3846, 3854
3845, 3854
4117, 4263
4117, 4277
3997, 3849
4165, 3848
3849, 4117
3848, 4117
3926, 3851
4147, 3850
3853, 3944
3853, 3998
3853, 3906
3853, 3992
3853, 3959
3853, 4008
3853, 4031
3853, 4279
3853, 4221
3853, 3993
3853, 4223
3853, 3968
3853, 4010
3853, 4167
3853, 4081
4105, 3853
3851, 3853
3850, 3853
4224, 3936
4224, 3970
4306, 3855
3872, 4295
3855, 4224
4295, 4224
4037, 4302
4037, 4124
4037, 4056
4154, 4065
4065, 4037
4115, 3949
4303, 4258
4072, 4222
4258, 4115
4222, 4115
4178, 3977
4128, 3857
3857, 4178
3975, 4054
4163, 3914
4217, 3859
4171, 3923
3914, 3975
3859, 3975
3923, 3975
3858, 3975
3860, 4212
4003, 3917
4171, 4235
3917, 3860
4235, 3860
4068, 4246
4280, 4053
3883, 3861
4134, 4218
4053, 4068
3861, 4068
4218, 4068
4119, 4202
4119, 3957
3997, 3973
4088, 4094
3973, 4119
4094, 4119
3862, 4075
4184, 4206
3944, 3862
4206, 3862
3873, 4006
3997, 3865
3880, 4098
3865, 3873
4098, 3873
3863, 4230
4093, 4201
4201, 3863
3867, 4086
3867, 3980
4197, 3866
4306, 3864
3866, 3867
3864, 3867
4134, 3868
3916, 4012
4012, 3869
3868, 3869
3872, 4066
4152, 3952
4264, 3871
4181, 4211
3952, 3872
3871, 3872
4211, 3872
3870, 3872
4003, 3876
4078, 3874
3876, 3878
3874, 3878
3880, 4249
4073, 3879
4130, 4207
4207, 3880
3879, 3880
3883, 3932
3903, 4030
4092, 3945
3882, 3883
3881, 3883
3945, 3883
4030, 3883
4103, 3929
4103, 4014
4026, 4070
4072, 4233
4070, 4103
3884, 4103
4233, 4103
4079, 4278
4003, 3886
4106, 3885
3886, 4079
3885, 4079
3889, 3897
4166, 4109
4128, 3887
4202, 3889
4109, 3889
3887, 3889
4160, 4250
4160, 4126
4097, 3891
4170, 4110
4110, 4160
3891, 4160
3895, 4024
4082, 3894
4151, 4190
4113, 3892
4075, 3895
3894, 3895
4190, 3895
3892, 3895
4296, 4159
4078, 3896
3896, 4296
3918, 4035
3998, 3918
3897, 3918
4180, 4229
3997, 3899
3899, 4180
3898, 4180
4003, 3901
4064, 4100
3901, 3903
4100, 3903
3907, 4286
4265, 3904
3906, 3907
3904, 3907
3934, 3908
4102, 3910
4076, 3909
4140, 4032
3911, 4137
3910, 3911
4032, 3911
3909, 3911
3908, 3911
3912, 3933
3912, 4143
4177, 4145
4145, 3912
3916, 3962
4197, 3913
4177, 3915
3915, 3916
3913, 3916
4306, 3976
4039, 3919
4173, 4161
4072, 3920
4161, 4306
3985, 4306
3920, 4306
3919, 4306
3922, 3966
4047, 3921
3921, 3922
3926, 4042
4217, 3925
4038, 4244
3925, 3926
4244, 3926
3924, 3926
3928, 4020
3997, 4085
4009, 3927
4085, 3928
3927, 3928
4270, 4245
3971, 4291
4238, 4247
4256, 4260
4154, 4199
4247, 4270
4260, 4270
4199, 4270
4291, 4270
3930, 3983
3992, 3930
3929, 3930
4086, 3934
3933, 3934
3932, 3934
4102, 3937
3938, 4138
3937, 3938
3936, 3938
4143, 3938
3940, 4287
3940, 4274
4027, 3939
4263, 3940
3939, 3940
4302, 3940
4063, 3941
3941, 4298
3942, 4099
4108, 4195
4195, 3942
3947, 4290
4284, 3946
3961, 3943
4157, 4168
4129, 4271
3946, 3947
4168, 3947
4271, 3947
3943, 3947
4033, 3948
3959, 4152
3948, 4152
3953, 3990
4294, 4007
4165, 4090
4248, 3950
3950, 3953
4090, 3953
3949, 3953
4007, 3953
3955, 4011
3997, 3954
4041, 4191
3954, 3955
4191, 3955
3958, 4131
3995, 3956
4128, 3978
4035, 3958
3957, 3958
3956, 3958
3978, 3958
3961, 4299
3961, 4059
4181, 3960
3960, 3961
4261, 4285
3962, 4280
3970, 4280
4285, 4280
4196, 4162
4063, 4307
4104, 4177
4162, 4177
4307, 4177
4278, 4177
3997, 4112
3999, 4305
4112, 4120
4305, 4120
4132, 4304
4304, 4303
4179, 4186
3989, 4200
4013, 4300
4128, 4301
4300, 4179
4020, 4179
4301, 4179
4200, 4179
4066, 4140
4294, 4107
4122, 4297
4297, 4294
4299, 4294
4289, 4051
4239, 4273
4215, 4198
4198, 4289
4290, 4289
4273, 4289
4054, 4289
4287, 4136
3987, 4210
4008, 4284
4210, 4284
4185, 4227
4031, 4185
4283, 4185
4262, 4282
4279, 4084
4282, 4084
4111, 4193
4029, 4215
4277, 4215
4193, 4215
4124, 4215
4272, 4123
4003, 4057
4174, 4252
4057, 4272
4252, 4272
4192, 4266
4093, 4268
4266, 4265
4099, 4265
4268, 4265
3997, 4125
4122, 4292
4125, 4264
4292, 4264
4262, 3979
4172, 4225
4092, 4251
4006, 4262
4225, 4262
4251, 4262
3997, 4259
4062, 3996
4259, 4256
3996, 4256
4113, 4255
4255, 4097
4216, 4254
3986, 4293
4024, 4239
4293, 4239
4254, 4239
4146, 4253
4253, 4241
4164, 4188
4188, 4248
4249, 4248
4083, 4248
4250, 4248
4243, 4049
4245, 4243
4246, 4243
4004, 4169
4003, 4214
4003, 4002
4003, 3988
4003, 4091
4051, 4003
4169, 4003
4131, 4003
4242, 4003
4176, 4061
4184, 4040
4236, 4176
4040, 4176
4027, 4240
4221, 4238
4240, 4238
4234, 4203
3997, 4237
4170, 4058
4237, 4234
4058, 4234
4044, 4232
4232, 4166
4220, 4276
4089, 4231
3993, 4220
4231, 4220
4063, 4150
4227, 3986
4229, 3986
4036, 3986
4150, 3986
4108, 4074
4223, 4087
4074, 4087
3997, 4139
4226, 4116
4139, 4217
4116, 4217
4213, 3982
4213, 4183
3999, 4028
4028, 4213
4230, 4213
4174, 4114
4114, 4151
4134, 3969
4101, 4209
4208, 4134
4011, 4134
4209, 4134
4212, 4134
4197, 4205
4046, 4052
4205, 4102
4052, 4102
4113, 4135
4276, 4197
4203, 4197
4135, 4197
4123, 4197
3997, 4069
4016, 4158
4069, 4196
4158, 4196
4192, 4001
3997, 4194
4194, 4192
3982, 4192
4186, 4261
4189, 4261
4144, 3964
3968, 4173
3964, 4173
4047, 4095
4214, 4039
4095, 4039
4164, 4034
4041, 3965
3965, 4164
3967, 4164
4111, 4275
4002, 3971
4275, 3971
4026, 3972
4072, 4118
3983, 4216
3972, 4216
3966, 4216
4118, 4216
4092, 3974
3974, 4073
4088, 4022
4009, 4121
4121, 4088
3977, 4088
4080, 3981
4274, 4147
4014, 4147
3981, 4147
3979, 4147
3987, 3984
4157, 4018
4033, 4153
4018, 3987
4153, 3987
4059, 3987
4045, 4021
3988, 3989
4021, 3989
4045, 4000
4000, 3995
3997, 3994
3994, 4026
4096, 4026
4082, 4025
3997, 4149
4149, 4082
4126, 4082
4034, 4226
4204, 4015
3969, 4204
3997, 4155
3997, 4267
4022, 3997
4183, 3997
3990, 3997
4093, 4077
4286, 4004
4001, 4004
4159, 4004
4077, 4004
4044, 4050
4010, 4013
4050, 4013
3980, 4076
4281, 4076
4015, 4076
4061, 4080
3984, 4080
4113, 4055
4025, 4184
4071, 4184
4055, 4184
4155, 4157
4107, 4157
4023, 4228
4228, 4172
4062, 4043
4043, 4165
4056, 4165
4167, 4163
4042, 4163
3976, 4046
4064, 4067
4067, 4142
6264, 4926
6264, 6159
6264, 5330
6379, 4321
6464, 4308
5700, 5852
4308, 6264
5852, 6264
4321, 6264
4309, 6444
4428, 4664
5500, 4783
4664, 4309
4783, 4309
5780, 4311
4498, 4476
5579, 4310
4311, 4498
4310, 4498
4590, 5566
4312, 5636
4749, 5299
5566, 4312
5299, 4312
4549, 6587
5129, 4883
4728, 4954
5146, 4314
5640, 4313
4954, 4549
4883, 4549
4314, 4549
4313, 4549
6559, 6311
4315, 5506
4881, 6030
6311, 4315
6030, 4315
4461, 5975
4461, 5263
5834, 5449
5789, 4316
5449, 4461
4316, 4461
4317, 4622
4317, 6495
4317, 5459
4471, 4691
5601, 4546
4691, 4317
4546, 4317
5344, 6050
5883, 4898
6297, 4720
4898, 6297
6050, 6297
6139, 4320
4737, 4318
5949, 4319
6054, 6067
6054, 5237
6054, 6258
4320, 6054
4319, 6054
4318, 6054
5243, 6189
4923, 5464
5123, 5805
5326, 4322
5640, 6321
5805, 5243
5464, 5243
4322, 5243
6321, 5243
5834, 5253
5574, 6400
5602, 4657
5253, 5574
4657, 5574
6580, 4978
6144, 5498
5161, 5156
5936, 4323
5156, 6144
4978, 6144
4323, 6144
5838, 4494
5838, 4984
5838, 5730
5838, 5726
6379, 5218
5645, 4698
5700, 4324
4698, 5838
4324, 5838
5218, 5838
6042, 6460
5597, 6011
5640, 4489
6011, 6042
4489, 6042
5094, 4900
5598, 5779
5056, 5694
5590, 4325
5779, 5094
4325, 5094
5694, 5094
5746, 5612
4326, 6565
6057, 5302
5302, 4326
5612, 4326
5398, 5913
5236, 6394
5249, 4327
5913, 5236
4327, 5236
6466, 4859
5099, 6412
6610, 5920
6412, 6466
5920, 6466
4328, 4406
4328, 4607
4328, 6220
6544, 5843
5585, 4482
4482, 4328
5843, 4328
5564, 6283
4330, 5796
5724, 4329
6283, 4330
4329, 4330
4331, 4466
6415, 4469
5071, 6124
6124, 4331
4469, 4331
4565, 5793
5745, 4626
6299, 6036
4626, 4565
6036, 4565
5393, 5919
4347, 4332
6266, 4490
4332, 5393
4490, 5393
5034, 4334
5732, 4346
5619, 4333
4334, 5732
4333, 5732
6085, 4714
6085, 4789
5564, 4904
5764, 5483
4904, 6085
5483, 6085
5137, 6043
4335, 5935
5658, 5091
6043, 4335
5091, 4335
6438, 6110
5489, 4336
4337, 6103
6110, 4337
4336, 4337
4355, 4963
5489, 4338
4339, 5729
4963, 4339
4338, 4339
5278, 6180
6316, 5440
4405, 4487
5391, 4340
4487, 5278
4340, 5278
5440, 5278
5456, 5876
4684, 6218
5489, 5186
5876, 4684
5186, 4684
5853, 4946
4341, 6461
5207, 4672
4946, 4341
4672, 4341
4796, 6614
4342, 6387
5207, 4456
6614, 4342
4456, 4342
4343, 5110
6619, 5709
5901, 5226
5709, 4343
5226, 4343
4344, 5671
4778, 6515
5514, 6331
6554, 4624
6331, 4344
4624, 4344
6515, 4344
4590, 5358
4464, 4670
4814, 4907
5358, 4464
4907, 4464
4881, 5888
5296, 4922
4400, 4410
4400, 4704
4400, 6142
4400, 5842
4922, 4400
5888, 4400
5740, 5629
4345, 5343
6094, 5157
5157, 4345
5629, 4345
4347, 6307
4347, 5103
5181, 5457
5457, 4347
4346, 4347
4350, 4992
4367, 4474
6062, 4348
4608, 6250
4920, 4349
6250, 4350
4349, 4350
4474, 4350
4348, 4350
4352, 4475
6556, 5959
5789, 4351
5959, 4352
4351, 4352
4355, 5127
4355, 5807
5644, 4353
5657, 4354
5343, 4355
4354, 4355
4353, 4355
4357, 6214
4357, 5802
4982, 4375
5937, 4356
4356, 4357
4375, 4357
4514, 4358
4621, 5696
5696, 4737
4358, 4737
5488, 4613
5365, 4359
4459, 4360
4360, 5488
4359, 5488
4362, 6524
5296, 4454
4381, 4361
4361, 4362
4454, 4362
4363, 4697
4363, 6182
4860, 6027
5660, 6241
6027, 4363
6241, 4363
6157, 5130
5107, 6533
5660, 5035
5480, 4640
5130, 5107
5035, 5107
4640, 5107
4364, 4845
4364, 6102
4364, 5308
6257, 6077
6077, 4364
5834, 4366
5207, 4365
4366, 4367
4365, 4367
4749, 4369
4370, 6211
5579, 4368
4369, 4370
4368, 4370
5564, 4372
4373, 5742
5667, 4371
4372, 4373
4371, 4373
4677, 6168
4677, 6449
4677, 5499
6613, 4374
5649, 4376
4768, 4654
4376, 4677
4374, 4677
4654, 4677
5613, 5000
5613, 5573
5613, 6437
5613, 6496
4532, 4377
5291, 5095
5095, 5613
4377, 5613
5853, 4378
5917, 4938
5116, 4513
4378, 5917
4513, 5917
4706, 4379
6134, 4380
6596, 4739
4380, 4381
4379, 4381
4739, 4381
4870, 4383
5387, 5114
5849, 4382
4383, 5387
4382, 5387
4971, 6557
4804, 4384
5139, 5930
5534, 4693
4384, 4971
4693, 4971
5930, 4971
5588, 6381
5748, 6469
5688, 5257
6469, 5588
5257, 5588
6566, 4385
4386, 5921
4385, 4386
4443, 4760
4388, 4855
5534, 4387
4760, 4388
4387, 4388
4389, 5050
6143, 4777
4863, 4562
5640, 6410
4562, 4389
6410, 4389
4777, 4389
4390, 5721
6562, 4729
5426, 6407
4729, 4390
6407, 4390
4895, 4435
4411, 5493
5814, 5820
5820, 4411
4435, 4411
4404, 5268
4404, 4944
4404, 5830
5667, 4559
5426, 5756
4559, 4404
5756, 4404
4574, 6121
4981, 4392
5078, 4391
4392, 4574
4391, 4574
6301, 6263
6335, 4393
4393, 6301
6619, 4394
5724, 5828
4394, 5514
5828, 5514
4396, 4899
4396, 5055
5456, 4908
4952, 4395
4908, 4396
4855, 4396
4395, 4396
6552, 4505
6552, 5882
6552, 5733
5590, 4795
6152, 5953
5953, 6552
4795, 6552
5702, 6326
6106, 4686
5817, 6044
4686, 6094
6044, 6094
6326, 6094
4397, 4458
4397, 5138
4397, 5192
5158, 6194
5153, 5651
6523, 6113
6194, 4397
5651, 4397
6113, 4397
6472, 4399
5687, 4917
5775, 4398
4399, 5687
4398, 5687
4784, 5716
6566, 4716
5854, 5283
4716, 4784
5283, 4784
5746, 4401
4833, 4924
4833, 4557
4833, 5979
4833, 5624
4833, 5755
6048, 4402
4402, 4833
4401, 4833
5648, 6173
5419, 4991
5007, 4403
4991, 5648
4403, 5648
5754, 6457
5579, 4680
6457, 4405
4680, 4405
4407, 5154
4406, 4407
6173, 4407
4923, 5821
5564, 5379
5426, 5367
5379, 4923
5367, 4923
4408, 4452
4408, 5214
5461, 5408
5737, 6370
5408, 4408
6370, 4408
4796, 4409
5335, 4655
5426, 4843
4409, 5335
4843, 5335
4412, 5999
6513, 5201
5201, 4412
4410, 4412
5081, 4543
6548, 6099
4532, 4451
4543, 6548
4451, 6548
5158, 4618
5489, 4688
5489, 6080
5489, 5200
4618, 5489
6619, 4413
4414, 4540
5193, 5963
4413, 4414
5963, 4414
6619, 4520
5947, 5111
5667, 5190
4520, 5947
5190, 5947
6564, 6428
4415, 5060
6428, 4415
6521, 4757
6227, 5059
5059, 6521
4924, 6521
4416, 6028
4416, 5371
4860, 5446
6606, 6289
6289, 4416
5446, 4416
5575, 5741
5402, 4417
5129, 4792
6293, 4419
6252, 4418
4419, 5575
4792, 5575
4418, 5575
4417, 5575
6119, 5285
4775, 4598
5593, 4420
4598, 6119
4420, 6119
5746, 4422
4985, 4602
6167, 6154
6452, 4421
5771, 5580
6154, 4985
5580, 4985
4422, 4985
4421, 4985
5398, 4612
5244, 4780
6138, 5537
4612, 5244
5537, 5244
5812, 5528
5231, 4424
6257, 4423
4424, 5812
4423, 5812
5853, 4425
6138, 4445
4425, 6062
4445, 6062
5764, 6107
5579, 4426
6107, 5817
4426, 5817
4428, 6543
6237, 4427
4970, 5560
5560, 4428
4427, 4428
4665, 4460
4665, 4554
4665, 6583
4665, 5964
6048, 4429
5597, 5734
4429, 4665
5734, 4665
5883, 4828
4430, 5350
6235, 5781
4828, 4430
5781, 4430
6562, 4432
6433, 5124
5789, 4431
4432, 6433
4431, 6433
5522, 4865
5522, 6507
5597, 4433
5640, 4614
4433, 5522
4614, 5522
6443, 4434
4436, 5878
6610, 6037
4434, 4436
6037, 4436
4838, 6480
6123, 4438
4721, 4437
4438, 4838
4437, 4838
5607, 4440
4441, 6593
4441, 6553
4441, 5494
6464, 4439
4440, 4441
4439, 4441
4443, 6151
4443, 4951
4443, 5992
4443, 5079
4989, 6337
6379, 6408
5931, 4442
6408, 4443
4442, 4443
6337, 4443
4999, 5581
4803, 4835
6430, 4674
5904, 6560
4674, 4999
6560, 4999
4835, 4999
4444, 5867
4444, 5046
4444, 6328
4444, 6451
6057, 6489
6489, 4444
4933, 5361
4903, 4446
4446, 4933
4447, 5413
5080, 5831
5887, 4533
6405, 4506
5831, 4447
4506, 4447
4533, 4447
4450, 6233
4847, 4449
5778, 4448
4449, 4450
4448, 4450
5069, 5600
4514, 4927
4452, 5069
4927, 5069
5398, 4453
4455, 6001
6269, 5833
4453, 4455
5833, 4455
5834, 5092
5810, 6137
5901, 6229
5092, 5810
6229, 5810
4459, 4483
4459, 4772
5619, 4457
4758, 5273
4458, 4459
4457, 4459
5273, 4459
4463, 6193
6485, 5622
6057, 4462
5622, 4463
4462, 4463
4460, 4463
4796, 5303
5614, 5061
5314, 5654
5303, 5614
5654, 5614
5885, 5884
6443, 5404
6098, 5411
5206, 4569
4569, 5885
5404, 5885
5411, 5885
4467, 6594
6304, 6038
6048, 4465
4466, 4467
6038, 4467
4465, 4467
4749, 4470
6235, 4468
4470, 4471
4468, 4471
6237, 5275
5001, 5683
6354, 4473
5652, 4472
4473, 6237
5683, 6237
4472, 6237
6099, 6237
4477, 4564
4868, 5458
5458, 4477
4476, 4477
4475, 4477
6472, 4592
6472, 4646
6472, 4813
6472, 6431
6472, 6209
6472, 6127
6472, 6007
6472, 5453
5640, 4479
5572, 4478
4479, 6472
4478, 6472
4480, 6590
4769, 4605
5724, 4896
4605, 4480
4896, 4480
5948, 4822
5254, 4481
4483, 5948
4481, 5948
6304, 4746
6304, 4583
6304, 5818
6481, 4485
5579, 4484
4485, 6304
4484, 6304
4769, 5863
4486, 4786
5628, 6205
5863, 4486
6205, 4486
4879, 6541
4488, 5075
5601, 6473
6541, 4488
6473, 4488
4930, 6284
5617, 4643
5534, 4491
6284, 5617
4491, 5617
5406, 5637
5599, 6244
5745, 6393
6393, 5406
6244, 5406
5561, 5211
6338, 5162
5122, 4492
6189, 4778
5162, 4778
4492, 4778
5211, 4778
4881, 5020
4881, 6202
5811, 4493
4493, 4881
4495, 6474
4495, 6380
4495, 6278
5627, 4524
4524, 4495
4494, 4495
5114, 4495
4930, 4530
4499, 5422
5660, 4497
5480, 4496
4530, 4499
4497, 4499
4496, 4499
5598, 4504
5598, 4902
5598, 5825
6426, 5846
5846, 5598
6168, 5598
6335, 5803
5750, 4500
5867, 6335
4500, 6335
4501, 6592
6232, 6096
6067, 4501
6096, 4501
5348, 4911
5348, 6333
5348, 6285
6040, 4824
5857, 4503
5421, 4502
4503, 5348
4502, 5348
4824, 5348
4507, 4901
5056, 4941
4644, 4961
4505, 4507
4941, 4507
4504, 4507
4961, 4507
5231, 5352
6549, 4508
6317, 5313
5313, 5231
4508, 5231
4511, 4866
6619, 4510
5634, 4509
4510, 4511
4509, 4511
4514, 5038
4514, 6445
4514, 5962
5338, 4512
6057, 6104
4512, 4514
6104, 4514
5640, 4790
5658, 4816
4790, 5904
4816, 5904
5564, 6021
4515, 6345
5901, 5442
6021, 4515
5442, 4515
4517, 4821
5500, 5388
6517, 4516
5388, 4517
4516, 4517
6251, 4695
6251, 4776
6251, 5152
6251, 5259
6251, 6595
6251, 6245
5789, 4518
4518, 6251
4796, 5180
5628, 5659
5180, 5771
5659, 5771
6227, 4519
6118, 5539
4709, 5501
5539, 4709
4519, 4709
4939, 5897
5780, 4890
4590, 4521
4521, 4939
4890, 4939
4522, 4611
5365, 6348
4772, 4522
6348, 4522
5861, 6276
4523, 4877
6057, 4850
4850, 4523
6276, 4523
6619, 4719
4526, 6386
6138, 4525
4719, 4526
4525, 4526
4796, 4934
4527, 5958
5667, 6271
4934, 4527
6271, 4527
6483, 6201
5426, 5791
5640, 6200
5791, 6483
6200, 6483
5740, 6504
4529, 6031
4949, 4528
4528, 4529
6504, 4529
4814, 5073
4531, 5280
4785, 6226
6226, 4531
5073, 4531
4532, 5631
4566, 5234
6089, 4667
4667, 4532
5234, 4532
5493, 4532
4536, 5928
4536, 5423
4860, 4535
4595, 4534
4535, 4536
4534, 4536
4566, 5467
4538, 5823
6012, 4537
5467, 4538
4537, 4538
4541, 4573
5746, 6290
5217, 5954
4876, 4539
4540, 4541
5954, 4541
6290, 4541
4539, 4541
4544, 6540
6300, 5223
5567, 4542
5223, 4544
4542, 4544
6013, 5424
4619, 5425
5901, 4545
5424, 4619
4545, 4619
5678, 5274
5678, 4648
5678, 5475
5678, 6526
5678, 6385
5678, 6064
5678, 5377
5678, 5087
6065, 5530
5530, 5678
4814, 5697
4805, 5705
5748, 4547
4547, 4805
5697, 4805
5983, 6525
4754, 4551
5238, 4550
4733, 4548
4551, 5983
4550, 5983
4548, 5983
5274, 5983
5607, 4788
5615, 5150
5973, 4552
4552, 5615
4788, 5615
6266, 4553
6065, 4888
6065, 6312
4554, 6065
4553, 6065
6580, 4555
6230, 5378
6121, 6230
4555, 6230
5381, 6482
5194, 4556
5048, 4919
4556, 5381
4746, 5381
4919, 5381
4560, 4909
6434, 4558
6362, 5865
5865, 4560
4558, 4560
4557, 4560
6207, 4723
5319, 5293
6299, 4561
4723, 5319
4561, 5319
5740, 4563
4564, 5857
4563, 5857
4566, 6534
6169, 4717
5850, 4929
4929, 4566
5350, 4566
4717, 4566
5398, 4568
5628, 4567
4568, 6252
4567, 6252
6556, 5057
4570, 5108
5426, 4910
5057, 4570
4910, 4570
5660, 4571
4571, 4595
4796, 4572
6417, 5410
5116, 6327
4572, 6417
6327, 6417
6045, 5370
5172, 4620
4854, 4575
4575, 6045
6461, 6045
4620, 6045
4573, 6045
4578, 4642
4578, 6267
4578, 6022
5364, 4576
5175, 4577
4577, 4578
4720, 4578
4576, 4578
4584, 4830
5655, 6377
5060, 4584
6377, 4584
4616, 5603
6444, 5194
5603, 5194
4590, 5718
4590, 5511
5853, 4579
4579, 4590
5398, 4581
5794, 4959
5314, 4580
4581, 5794
4580, 5794
4726, 5420
4726, 6073
4726, 6314
4726, 5484
6210, 4831
5254, 4582
4831, 4726
4582, 4726
5344, 5382
4585, 5714
5268, 4585
5382, 4585
4583, 4585
5288, 5647
5601, 4587
6212, 4586
4587, 5288
4586, 5288
4769, 4588
4589, 4864
6269, 5209
4588, 4589
5209, 4589
4724, 4802
5688, 4591
4592, 4724
4591, 4724
6368, 5363
4851, 4593
6383, 4594
4594, 6368
4593, 6368
6455, 5202
5918, 5097
6544, 6161
6544, 5766
5202, 6544
5097, 6544
6082, 6187
5718, 6082
4695, 6082
4599, 5058
5845, 4597
5477, 6581
5933, 4596
5875, 5295
4597, 4599
5295, 4599
6581, 4599
4596, 4599
4981, 4601
4621, 4600
4601, 4775
4600, 4775
4615, 6356
6519, 4603
5311, 6477
6329, 4604
6477, 4615
4604, 4615
4603, 4615
4602, 4615
6401, 4829
5618, 4606
4607, 6401
4606, 6401
5607, 4731
5908, 6424
6155, 5414
5414, 5908
4731, 5908
5137, 5212
5712, 5927
5212, 4608
5927, 4608
5746, 4609
4610, 5531
4610, 5909
5597, 5545
5545, 4610
4609, 4610
5254, 6323
4613, 4616
6323, 4616
4611, 4616
4621, 4710
4621, 5864
4632, 4617
4617, 4621
5420, 4621
4627, 5516
5205, 4623
6212, 4625
4625, 4627
4623, 4627
4622, 4627
4947, 5526
5854, 4628
5921, 4947
4628, 4947
6619, 4811
4630, 5030
5116, 4629
4811, 4630
4629, 4630
6559, 4631
5778, 6510
6510, 4632
4631, 4632
4635, 6216
5608, 4634
6299, 4633
4634, 4635
4633, 4635
5701, 6546
5290, 4638
5894, 5951
4976, 4637
5640, 4636
4638, 5701
4637, 5701
5951, 5701
4636, 5701
4796, 6083
4641, 6597
6195, 4639
6083, 4641
4639, 4641
4644, 5859
4644, 5961
4679, 5374
4643, 4644
4642, 4644
5374, 4644
6150, 5604
5849, 4645
4646, 6150
4645, 6150
5607, 5890
4869, 4986
5557, 4647
4647, 4869
5890, 4869
4652, 6514
6620, 4651
4887, 4650
5106, 4649
4651, 4652
4650, 4652
4649, 4652
4648, 4652
5070, 4844
5402, 4653
5111, 5070
5531, 5070
4655, 5070
4653, 5070
4659, 5409
4895, 4656
5255, 4658
4658, 4659
4656, 4659
6256, 6570
5296, 4660
5363, 6256
4660, 6256
4662, 6584
6564, 4661
5419, 6512
5007, 6529
6529, 4662
4661, 4662
6512, 4662
5593, 4663
5356, 6551
4710, 5356
4663, 5356
4796, 4979
4668, 5827
5901, 4666
4979, 4668
4666, 4668
4673, 5840
6600, 4671
5164, 4669
4671, 4673
4670, 4673
4669, 4673
5365, 5837
5148, 4675
5138, 5365
4675, 5365
5868, 6615
6360, 4678
4834, 4676
4678, 5868
4676, 5868
5293, 5868
4930, 6122
4895, 4742
6122, 4679
4742, 4679
5564, 4682
5760, 5362
5712, 4681
4682, 5760
4681, 5760
5241, 6273
5727, 5635
6404, 4683
5635, 6155
4683, 6155
6273, 6155
4914, 4687
4707, 6253
5764, 4685
4687, 4707
4685, 4707
6613, 4689
4690, 5777
4689, 4690
4688, 4690
5009, 4692
4694, 5916
4814, 4974
4692, 4694
4974, 4694
5296, 5969
5296, 5229
5296, 5556
5296, 5016
5296, 6538
5296, 6355
5296, 5944
6481, 5998
5510, 4696
4696, 5296
5998, 5296
4769, 4700
4769, 4748
4769, 5266
4769, 4857
4769, 4875
4769, 4894
4769, 6177
4769, 6313
4769, 6204
4769, 6392
4769, 6132
4769, 5987
4769, 5438
5997, 5390
4697, 4769
5390, 4769
4701, 6308
5658, 4699
4700, 4701
4699, 4701
6443, 4702
4758, 4885
4702, 4758
4814, 6588
5764, 4703
4703, 4814
5735, 5675
4766, 6190
6190, 5735
4704, 5735
6556, 5725
6556, 6358
6556, 6476
6556, 6318
6556, 5474
6556, 5549
6013, 5512
5579, 6260
5512, 6556
6260, 6556
6235, 4730
5901, 6371
6371, 6235
5369, 6223
6184, 4705
4844, 4706
6187, 4706
6223, 4706
4705, 4706
5853, 4708
4846, 5670
5601, 6281
4708, 4846
6281, 4846
4749, 4913
4749, 5563
4749, 5043
5748, 4711
4711, 4749
5465, 4713
5463, 4712
4713, 6405
4712, 6405
5967, 4741
6459, 4715
6340, 5144
5640, 5507
4715, 5967
4714, 5967
5144, 5967
5507, 5967
4721, 5051
4721, 5819
5426, 4718
4718, 4721
4796, 4972
4796, 6165
4796, 6215
4796, 5196
4796, 5806
4796, 5495
4796, 5966
4796, 5277
5119, 6576
6182, 4796
6576, 4796
5883, 5012
4722, 5117
6607, 5869
5012, 4722
5869, 4722
4728, 4781
5137, 4727
5764, 4725
4727, 4728
4725, 4728
5009, 4732
4732, 4733
4730, 4733
4735, 4948
6013, 4734
5764, 4964
4734, 4735
4964, 4735
4738, 4889
5034, 4736
5716, 4738
4736, 4738
4743, 5281
5558, 4740
4741, 4743
6308, 4743
4740, 4743
5151, 6475
5599, 6518
5602, 4744
4744, 5151
6518, 5151
5861, 6291
5861, 5535
5861, 5389
5861, 5179
5861, 5479
5861, 5578
5579, 4745
4745, 5861
5085, 6467
5601, 4747
4748, 5085
4747, 5085
4751, 5345
5712, 4750
5266, 4751
4750, 4751
6141, 5698
6061, 5219
5585, 4765
5585, 5829
5498, 5585
5219, 5585
5698, 5585
5398, 4752
5116, 4935
4752, 5146
4935, 5146
6024, 4753
4885, 4754
4753, 4754
6207, 6315
6203, 5321
5849, 4755
6315, 6203
4755, 6203
4759, 5669
5743, 4756
5665, 5568
4757, 4759
5568, 4759
4756, 4759
4965, 6376
5835, 4761
4761, 4965
5969, 4965
4763, 6268
6126, 5562
5007, 4762
4765, 4763
4762, 4763
5562, 4763
5743, 5504
5892, 4764
6480, 4766
5504, 4766
4764, 4766
4895, 4955
5412, 4767
4767, 4768
4955, 4768
4981, 4806
4842, 4770
5528, 4981
4770, 4981
5853, 5279
5844, 6046
5724, 4771
5279, 5844
4771, 5844
6619, 6608
4774, 5661
5314, 4773
6608, 4774
4773, 4774
4956, 5776
5602, 6378
6378, 4956
4776, 4956
5074, 5752
6093, 6018
5198, 4779
4781, 5074
6018, 5074
4780, 5074
4779, 5074
5165, 4782
4782, 4860
4785, 5112
5901, 6279
5748, 5941
6279, 4785
5941, 4785
5123, 6158
5569, 4787
6158, 4863
4789, 4863
4787, 4863
4786, 4863
5398, 6604
5398, 5623
5398, 5543
5398, 6176
5398, 5751
5398, 6034
5398, 5790
5398, 5744
5398, 5907
5398, 5497
5119, 6363
5251, 4812
4812, 5398
6363, 5398
5743, 5757
5996, 4906
6485, 4791
4791, 5996
5757, 5996
4794, 5332
5254, 4793
4793, 4794
5834, 6079
5764, 5668
6079, 5402
5668, 5402
5137, 5977
4797, 5706
5601, 4841
5977, 4797
4841, 4797
5777, 6257
4902, 6257
6619, 4957
4799, 6249
6195, 5383
4957, 4799
5383, 4799
5652, 5328
5072, 4798
5093, 6128
6468, 4800
4800, 5652
4798, 5652
6128, 5652
4975, 4801
4966, 5824
4802, 4989
5824, 4989
4801, 4989
6207, 5109
5608, 5360
5109, 4803
5360, 4803
4804, 4958
4804, 5664
4804, 5800
5412, 6609
6609, 4804
4839, 6302
4806, 4839
5038, 4839
5009, 4808
4809, 6527
6607, 4807
4808, 4809
4807, 4809
5131, 6367
6212, 4810
4810, 5131
4815, 6491
6299, 5896
4813, 4815
5896, 4815
4820, 5662
6580, 4818
6238, 4817
4823, 4819
4819, 4820
4818, 4820
4817, 4820
4823, 6288
4822, 4823
4821, 4823
4827, 6160
6242, 4825
4837, 4826
4917, 4827
4826, 4827
4825, 4827
4832, 5407
5886, 5955
4830, 4832
4829, 4832
5955, 4832
5640, 5270
5724, 5689
5270, 4834
5689, 4834
5764, 5247
5640, 4836
5247, 4837
4836, 4837
4842, 5871
6559, 4840
6073, 4842
4840, 4842
4847, 6146
6559, 5490
4845, 4847
5490, 4847
6586, 5036
6612, 4849
5349, 4848
4849, 4851
4848, 4851
5036, 4851
5834, 4853
5628, 4852
4853, 4854
4852, 4854
5607, 4856
6160, 5627
4856, 5627
5674, 6185
4857, 5674
6443, 4858
4859, 5181
4858, 5181
4862, 6486
5048, 5524
5641, 6068
5317, 4861
4861, 4862
5524, 4862
6068, 4862
5173, 6008
5310, 5986
4895, 6435
5986, 5173
6435, 5173
4867, 4994
5462, 5978
4866, 4867
5978, 4867
4865, 4867
4864, 4867
6013, 5826
5602, 5942
5826, 4868
5942, 4868
5607, 5910
4870, 6197
4870, 6390
4870, 5960
5645, 5136
5910, 4870
5136, 4870
4872, 5284
5468, 4871
5741, 4872
5636, 4872
4871, 4872
4874, 6035
5660, 4873
5480, 5025
6151, 4874
4873, 4874
5025, 4874
5634, 5399
4875, 4876
5399, 4876
4879, 6192
4879, 5708
4879, 5950
4990, 4878
4878, 4879
4877, 4879
6259, 4880
6012, 6454
4880, 6012
5891, 5098
6117, 4882
6197, 5891
4882, 5891
6619, 5029
5518, 5544
5601, 4884
5029, 5518
4884, 5518
6603, 4886
4886, 4887
5229, 4887
4889, 6455
4888, 6455
4892, 5889
6259, 4891
6275, 4967
4967, 4892
4891, 4892
5116, 4893
4894, 6338
4893, 6338
4895, 5245
4895, 5170
4895, 6579
4895, 6280
5822, 4997
4997, 4895
4903, 5980
4987, 4897
4901, 4903
4900, 4903
4899, 4903
4897, 4903
6537, 4905
4909, 6513
4906, 6513
4905, 6513
5590, 5672
5019, 4912
6575, 6351
4912, 5590
4911, 5590
6351, 5590
4914, 6198
5656, 5195
5195, 4914
4913, 4914
5004, 5447
5901, 5595
6117, 4915
5595, 5004
4915, 5004
6606, 5731
5660, 4916
5579, 6384
4916, 6606
6384, 6606
5564, 5736
5628, 4918
5736, 4920
4918, 4920
4925, 6492
5640, 5795
5116, 4921
5795, 4925
4921, 4925
4930, 6081
4930, 5262
5584, 4928
6577, 5307
4928, 4930
4926, 4930
5307, 4930
6210, 6589
6210, 5333
5548, 4932
6010, 4931
4932, 6210
4931, 6210
5883, 6352
4936, 5014
6352, 4936
5563, 4936
5432, 5968
5789, 4937
5640, 5874
4937, 5432
5874, 5432
4942, 6599
5460, 4940
5571, 5041
6546, 4942
5041, 4942
4940, 4942
4938, 4942
4945, 5225
5579, 4943
4944, 4945
4943, 4945
5591, 5142
4948, 4949
6211, 4949
5142, 4949
4950, 6601
5789, 5839
5608, 5719
5839, 4950
5719, 4950
4951, 4952
5245, 4952
5031, 5101
5660, 6000
5480, 4953
4958, 5031
4953, 5031
6000, 5031
4960, 6364
6293, 5525
5640, 5899
5525, 4960
4959, 4960
5742, 4960
5899, 4960
5640, 5782
5602, 4962
5782, 4966
4962, 4966
6049, 6578
6186, 4968
6578, 5737
4968, 5737
6566, 5555
5148, 4969
5555, 4970
4969, 4970
4973, 6382
5748, 5989
4972, 4973
5989, 4973
6207, 5541
5582, 5547
5541, 4975
5547, 4975
5564, 6004
5658, 5692
6004, 4976
5692, 4976
5465, 6423
5465, 6425
6048, 6448
5640, 6563
6448, 5465
6563, 5465
4980, 5972
6224, 4977
4977, 4980
4982, 6439
4982, 6039
5797, 6056
6056, 4982
5127, 4982
6008, 4982
5255, 6072
5255, 6156
5067, 4983
4986, 5255
4984, 5255
4983, 5255
5056, 6372
6372, 4987
6449, 4987
4990, 6324
5261, 5271
6361, 4988
5271, 4990
4988, 4990
6286, 4993
4994, 6134
4993, 6134
4992, 6134
6009, 5392
5607, 4995
6615, 6009
4995, 6009
5081, 4996
5626, 4998
5000, 5001
4998, 5001
4996, 5001
5003, 5128
5764, 5002
5725, 5003
5002, 5003
6294, 5005
6462, 5006
5007, 6017
5007, 5466
5662, 5007
5006, 5007
5005, 5007
6024, 5008
5009, 5015
5556, 5009
5008, 5009
6542, 5010
5792, 5011
5011, 5936
5010, 5936
6438, 6246
6438, 5761
5650, 5013
6031, 6438
5014, 6438
5013, 6438
5065, 6066
5015, 5065
5043, 5065
5017, 5952
5957, 5643
5643, 5017
5016, 5017
5148, 5471
5153, 5149
5509, 5554
5471, 5509
5149, 5509
6157, 5018
5534, 5182
5018, 5019
5182, 5019
5021, 5022
6102, 5021
5020, 5021
5481, 6292
5710, 5023
5023, 5481
5675, 5481
5022, 5481
5475, 5481
6619, 5260
5026, 5324
5249, 5024
5260, 5026
5024, 5026
5666, 6349
6222, 5027
6213, 5028
5030, 5666
5028, 5666
5027, 5666
5033, 5786
6105, 5032
6166, 5681
5032, 5033
5681, 5033
6584, 5033
5034, 6164
5034, 5872
5192, 5034
5332, 5034
6481, 6567
5750, 5039
6057, 5037
5039, 6481
5037, 6481
5754, 5682
6170, 5239
5239, 5754
5152, 5754
5783, 5287
5814, 5044
5660, 5042
5480, 5040
5044, 5783
5042, 5783
5040, 5783
5746, 5147
5045, 5900
5147, 5045
6291, 5045
5048, 5086
5750, 5047
5047, 5048
5046, 5048
5772, 6261
6247, 5049
5050, 5772
5049, 5772
5053, 6618
5883, 5052
5052, 5053
5051, 5053
5056, 5102
5056, 5513
5728, 5054
5055, 5056
5054, 5056
5062, 5848
5324, 5062
5061, 5062
5058, 5062
5740, 5063
5684, 5064
5064, 5175
5063, 5175
5607, 6508
6490, 6621
6621, 5584
6508, 5584
5222, 5076
5740, 6097
5417, 6616
6616, 5222
6097, 5222
6613, 6026
6006, 6416
6416, 6613
6618, 6613
5721, 6613
5072, 6208
6208, 6275
5158, 6427
5626, 6539
6539, 6610
6427, 6610
6607, 5932
5601, 6617
6617, 6607
6602, 5856
5208, 6605
6604, 6602
6605, 6602
6619, 5906
5322, 6446
5628, 6025
5906, 5322
6025, 5322
6138, 5140
6177, 6452
5140, 6452
5785, 6591
5661, 5785
6597, 5785
6599, 5785
5579, 5166
5170, 5510
5166, 5510
5924, 6101
6254, 5841
5532, 5763
6101, 5532
5841, 5532
6594, 5532
5599, 6053
6593, 6577
6053, 6577
5320, 5758
5320, 6002
6592, 5320
6540, 5320
5533, 6236
6587, 6586
6590, 6586
6236, 6586
5897, 6586
5346, 5439
5607, 5552
5581, 5346
5552, 5346
6585, 5592
5193, 5632
6313, 6585
5632, 6585
6580, 6550
6580, 6228
6580, 5210
6583, 6580
5354, 6493
6493, 5161
5792, 5325
5792, 5187
5792, 5767
6478, 5355
6332, 6357
5355, 5792
6357, 5792
6157, 6465
6465, 6575
6579, 6575
6013, 6432
6573, 6458
5748, 6574
6432, 6573
6574, 6573
6485, 6436
5602, 5753
5682, 6485
5753, 6485
6572, 5787
5871, 6572
5352, 6572
5469, 5386
5426, 6569
6299, 5762
6569, 5469
5762, 5469
6186, 6536
6536, 6620
6202, 6620
6566, 5084
5158, 6568
5980, 6566
6568, 6566
6562, 6274
6562, 5473
6324, 6562
6565, 6562
6559, 6498
5677, 6561
5882, 6559
6561, 6559
6558, 5203
5579, 6545
5112, 6558
6545, 6558
5658, 6555
6165, 6554
6555, 6554
5078, 5583
5583, 6139
6550, 6139
6551, 6139
6216, 6227
5637, 6227
5158, 5134
6549, 5609
5672, 6549
5134, 6549
6542, 5570
6542, 5478
5227, 6547
6543, 6542
6547, 6542
6535, 6470
6277, 6353
6353, 6535
6538, 6535
6533, 6152
6333, 6152
5137, 6532
5789, 5717
6532, 5123
5717, 5123
5883, 5808
5808, 6361
6528, 5686
5764, 6530
5748, 6531
6530, 6528
6531, 6528
5143, 5939
5939, 6462
6524, 6462
6526, 6462
6527, 6462
6051, 5394
6051, 5336
6051, 5191
5626, 6471
5816, 5938
5938, 6051
6471, 6051
5601, 5707
6358, 5591
5707, 5591
5207, 6365
6204, 5198
6365, 5198
5213, 5113
5579, 6522
5602, 6342
6522, 5213
6342, 5213
6517, 5272
5081, 6520
6520, 6517
5889, 6517
5215, 6511
5567, 6145
5567, 5553
6511, 5567
6514, 5567
5600, 5567
6288, 6294
6445, 6294
5594, 6206
5970, 5690
5455, 5450
5616, 6509
5690, 5594
6509, 5594
5450, 5594
6046, 5594
6503, 6441
6212, 6505
5597, 5188
6505, 6503
5188, 6503
5559, 6389
5956, 6499
6100, 5723
6409, 6501
6499, 5559
6501, 5559
5723, 5559
5778, 5416
6498, 6317
5416, 6317
5901, 6497
6476, 5702
6497, 5702
5160, 5282
5964, 5160
6495, 5160
5601, 6298
6507, 6596
6298, 6596
5909, 6596
6112, 5204
6491, 6490
6492, 6490
5204, 6490
6195, 6488
5623, 5326
6488, 5326
5576, 5902
6482, 5576
6486, 5576
5714, 5576
5534, 6479
6474, 6468
6479, 6468
5748, 5943
6192, 5650
5943, 5650
6024, 5141
6024, 5301
6024, 5866
6024, 5747
5640, 6136
5750, 6463
6136, 6024
6463, 6024
6379, 5396
6567, 6379
6460, 6379
5427, 5851
5991, 6347
6347, 5427
6458, 5427
5203, 5427
5834, 6456
5658, 5294
6456, 5455
5294, 5455
5158, 6359
5158, 5089
5158, 5415
6224, 5801
6454, 5158
5801, 5158
6207, 6447
6272, 5663
6117, 6041
6447, 6272
6041, 6272
5823, 6443
5573, 6443
6057, 6442
6441, 5645
6442, 5645
5081, 5858
5858, 6354
5394, 6354
6437, 6354
6439, 6354
5901, 5082
6436, 6434
5082, 6434
5647, 6434
5686, 6434
5582, 5934
6431, 6430
5934, 6430
5310, 6175
5310, 5912
5441, 6295
6424, 5310
5730, 5310
6295, 5310
6123, 5813
6123, 6114
6123, 5445
6423, 6123
5979, 6123
5853, 5443
6421, 6598
5901, 6199
5443, 6421
6199, 6421
6118, 6366
5342, 6420
5309, 5847
6420, 6118
5847, 6118
6217, 6418
5536, 5911
5911, 6415
5447, 6415
6381, 6415
6418, 6415
6325, 6414
5597, 5437
6414, 6464
5437, 6464
5564, 6411
5601, 6413
6411, 6409
6413, 6409
5640, 5515
5667, 6406
5515, 6404
6406, 6404
5197, 5679
6494, 6402
6364, 6222
5679, 6222
6400, 6222
6402, 6222
5854, 6399
6397, 5334
6397, 5403
6399, 6397
5314, 6395
6392, 5616
6395, 5616
5564, 6391
5492, 6153
5602, 5221
6391, 5492
5221, 5492
5688, 5359
6390, 5067
5359, 5067
6619, 6453
5207, 5068
6453, 6167
5068, 6167
6319, 6240
6386, 6383
6387, 6383
6389, 6383
6240, 6383
6078, 5083
5534, 5126
5126, 6078
6105, 5715
6268, 6105
6145, 6105
5237, 6105
6396, 5384
5660, 5121
5480, 5965
6380, 6396
5121, 6396
5965, 6396
6369, 6234
5898, 6375
5799, 5985
6375, 6369
5985, 6369
6376, 6369
6385, 6369
6366, 6362
6367, 6362
6336, 5542
5480, 5630
5630, 6336
6350, 6055
5499, 6350
6359, 6350
5768, 5832
5422, 5768
6267, 5768
6564, 6060
6343, 5809
5419, 6346
6346, 6343
6060, 6343
6098, 6341
5206, 6334
6334, 6332
6341, 6332
5199, 6330
6330, 6523
6557, 6523
5853, 5877
5712, 6131
5877, 6329
6131, 6329
6325, 5235
6212, 5633
6328, 6325
5633, 6325
5746, 5922
6091, 6320
6571, 6322
6320, 6319
6322, 6319
5922, 6319
5592, 6319
5748, 5351
6318, 6316
5351, 6316
6146, 5461
6314, 5461
6310, 6135
6196, 5372
5372, 6310
6312, 6310
5484, 6310
6305, 5145
5354, 6306
6306, 6305
6307, 6305
5740, 5976
6087, 5451
5451, 6006
5976, 6006
5780, 5434
5883, 6303
6303, 5421
5434, 5421
6300, 6023
6300, 5704
5378, 6300
6292, 6300
6302, 6300
5137, 6296
5426, 6516
6296, 6293
6516, 6293
5487, 6287
5543, 6286
6287, 6286
6619, 5178
5658, 6282
5178, 6612
6282, 6612
6278, 5093
6280, 5093
6356, 6277
5671, 6277
6225, 6270
5419, 5368
5419, 5529
6270, 5419
6525, 5419
5919, 5419
6266, 6344
5962, 6266
6098, 6265
6582, 5305
6265, 6582
5646, 5341
6259, 5695
5631, 5646
5695, 5646
6166, 6262
5535, 6259
6262, 6259
6263, 6259
6459, 5264
5577, 6255
5264, 6519
6345, 6519
6255, 6519
5459, 6254
5818, 6254
6249, 6247
5410, 6247
6206, 6247
5104, 6243
6243, 6238
5570, 6238
6232, 6033
6023, 6126
6033, 6126
5368, 6126
6161, 6126
6232, 5256
6135, 6232
6234, 6232
5145, 6225
6228, 6225
5740, 6219
6219, 5261
5102, 6186
6218, 6186
5764, 5347
5582, 6162
5347, 6217
6162, 6217
5724, 6074
6215, 6213
6074, 6213
5669, 5106
6142, 5106
6207, 5773
6207, 5168
6207, 6373
5640, 5914
6209, 6207
5914, 6207
5254, 6487
6589, 6196
6487, 6196
5540, 5521
6191, 5470
5521, 6191
5282, 6191
6193, 6191
6500, 6005
6500, 5993
6500, 5713
5119, 6188
6028, 6500
6188, 6500
6111, 6058
5308, 6111
5609, 6111
5344, 5565
6185, 6184
5565, 6184
5740, 6181
6178, 5132
6180, 6178
6181, 6178
5634, 5220
6176, 6100
5220, 6100
5534, 6339
6175, 5797
6339, 5797
5780, 5395
5780, 5436
5667, 5286
5286, 5780
6170, 5606
5426, 6172
5667, 6174
6172, 6170
6174, 6170
5854, 5448
5729, 5854
6214, 5854
6164, 6478
5334, 6478
6157, 6084
6157, 5905
5798, 5339
5392, 6157
6159, 6157
5339, 6157
5233, 5693
5640, 6070
5693, 5970
6394, 5970
6153, 5970
6070, 5970
5476, 6147
6403, 6148
6309, 6149
6147, 6143
6598, 6143
6148, 6143
6149, 6143
6071, 6231
5658, 6140
5751, 6071
6140, 6071
6195, 6133
6132, 5197
6133, 5197
5608, 6129
6127, 6360
6129, 6360
5137, 5925
5748, 6125
5925, 6459
6125, 6459
5300, 5988
5628, 6120
5474, 5300
6120, 5300
5745, 6115
5773, 6112
6115, 6112
6013, 6108
5789, 6109
6108, 6106
6109, 6106
6098, 5096
6098, 5252
6103, 6098
5336, 6098
6093, 5642
5564, 6388
5748, 6095
6388, 6093
6095, 6093
5834, 6092
5712, 5551
6092, 6091
5551, 6091
5814, 6090
5534, 5749
6090, 6089
5749, 6089
6088, 5405
5750, 5765
5900, 6088
5765, 6088
6059, 6179
6299, 6086
6553, 6059
6086, 6059
6081, 5139
5992, 5139
6084, 5139
6022, 5548
6080, 5548
5601, 6076
5849, 5984
6076, 5536
5984, 5536
6422, 5974
5660, 6075
5480, 6239
6072, 6422
6075, 6422
6239, 6422
6029, 6069
6419, 5366
6069, 5558
5958, 5558
5975, 5558
5366, 5558
6506, 5815
5815, 6061
6570, 6061
6064, 6061
6066, 6061
5853, 5699
5426, 6221
5699, 6419
6221, 6419
6233, 6049
6055, 6049
6058, 6049
5456, 6047
6035, 5728
6047, 5728
5724, 5836
6034, 6340
5836, 6340
6619, 6611
5602, 6032
6611, 6029
6032, 6029
5101, 6426
6026, 6426
5137, 6019
5602, 6020
6019, 5290
6020, 5290
5994, 6063
6564, 5621
6017, 5994
5621, 5994
5746, 6016
6013, 5401
6013, 5289
6013, 5327
5579, 6015
6015, 6013
6016, 6013
6010, 6014
5832, 6010
5859, 6010
6003, 5323
5527, 5862
6007, 6003
5862, 6003
6248, 5505
5534, 5066
6156, 6248
5066, 6248
5849, 5340
6117, 5431
5340, 5342
5431, 5342
5120, 5133
6601, 5071
5386, 5071
5133, 5071
6475, 5071
5746, 5376
5110, 5164
6382, 5164
5376, 5164
6467, 5164
5072, 5105
5076, 5072
5117, 5072
5075, 5072
5971, 5435
5262, 5199
5079, 5199
5905, 5199
5435, 5199
5516, 5080
5624, 5080
5081, 5711
5397, 5893
5893, 5081
5328, 5081
5956, 5995
5995, 5369
5642, 5369
6231, 5369
5664, 5649
5083, 5649
6048, 5873
5086, 6048
5389, 6048
5853, 6171
6195, 5242
6171, 5933
5242, 5933
5316, 5159
6039, 5316
5089, 5316
6619, 5088
5712, 5611
5088, 6403
5611, 6403
5685, 5090
5225, 6087
5090, 6087
5128, 6087
5206, 6163
6163, 5099
5096, 5099
5103, 5104
5325, 5104
5602, 5990
6274, 5364
5990, 5364
5582, 5428
5688, 5329
5329, 5309
5428, 5309
5331, 5605
5605, 5684
5113, 5684
5108, 5684
5284, 5957
6591, 5957
5119, 5115
5997, 5304
5997, 5433
5997, 5639
5115, 5997
5396, 5607
5165, 5306
5579, 5929
5534, 5587
5587, 5165
5929, 5165
5745, 5230
5667, 5879
5879, 5120
5230, 5120
6005, 5122
5395, 5122
5482, 6450
5132, 5456
6450, 5456
5124, 5456
5135, 5485
5608, 5189
5189, 5135
5137, 5232
5137, 5517
5371, 5137
5304, 5137
5272, 5143
5141, 5143
5150, 5814
5726, 5814
5098, 5814
5155, 5550
5154, 5155
5758, 5155
5163, 5240
6374, 5625
6137, 5163
5670, 5163
6446, 5163
5625, 5163
5312, 5982
5579, 5276
6198, 5312
5276, 5312
5564, 5167
5789, 5248
5167, 5129
5248, 5129
5527, 5788
5168, 6242
5788, 6242
5344, 5171
5813, 5887
5171, 5887
5748, 5472
5601, 5250
5472, 5317
5250, 5317
5267, 5596
5901, 5738
5601, 5176
5738, 5267
5176, 5267
6212, 5769
5750, 5418
5418, 5338
5769, 5338
5179, 5338
6166, 5184
5972, 6564
5184, 6564
5187, 6141
6344, 6141
5148, 5357
6496, 5148
5711, 5148
5191, 5148
5802, 5148
5601, 5183
5196, 6309
5183, 6309
6285, 5677
5200, 5677
5205, 5224
5596, 5205
5705, 5205
5526, 5206
5159, 5206
5214, 5215
5210, 5215
5285, 5215
6138, 5216
5806, 5217
5216, 5217
5523, 5502
5496, 6429
5502, 5496
5224, 5496
5254, 5638
5837, 5227
5638, 5227
5505, 5626
6246, 5626
5409, 5626
5233, 5269
5667, 5228
5232, 5233
5228, 5233
5700, 5315
5608, 5520
5235, 5931
5520, 5931
5315, 5931
5373, 5429
5429, 5238
6355, 5238
5667, 5258
5401, 5685
5258, 5685
5945, 5486
5640, 5246
5752, 5945
5246, 5945
5240, 5945
5252, 5619
5448, 5619
6114, 5665
5259, 5665
5298, 5265
5269, 6600
5821, 6600
5265, 6600
5263, 6600
5280, 5641
5932, 5641
5287, 5291
6534, 5291
5712, 5292
5790, 5298
5292, 5298
5305, 6506
5301, 6506
5251, 5610
5306, 5251
5731, 5251
5834, 5880
5601, 6116
5880, 5311
6116, 5311
5834, 6484
5724, 6130
6484, 5460
6130, 5460
6425, 5743
5426, 6398
5289, 5391
6398, 5391
5207, 5318
5744, 5569
5318, 5569
5323, 5973
5968, 5973
5321, 5973
5658, 5169
5327, 5331
5169, 5331
5676, 5452
5720, 5774
5452, 5720
5275, 5720
5901, 5337
5601, 6052
5337, 5656
6052, 5656
5193, 5297
5907, 5577
5297, 5577
5344, 5353
5602, 5385
5385, 5344
5602, 5620
5495, 5349
5620, 5349
5463, 5586
5606, 5463
6595, 5463
5511, 5561
5353, 5561
5767, 5354
5478, 5354
5361, 5676
5357, 5676
6001, 5172
5362, 5172
5706, 5172
5370, 5373
5281, 5373
5077, 5380
5380, 5918
6470, 5918
5377, 5918
5916, 5918
5384, 5397
5105, 5397
5119, 6440
5579, 5400
5542, 5119
5400, 5119
5740, 5538
5405, 5740
6451, 5740
5653, 5508
6002, 5653
5407, 5653
5746, 5881
5544, 5468
5827, 5468
5881, 5468
5345, 5468
5712, 5759
5549, 5991
5759, 5991
5961, 5778
5415, 5778
5993, 5533
5819, 5533
5982, 5417
5425, 5417
5988, 5417
5901, 5981
5708, 6169
5981, 6169
5582, 5804
5960, 5441
5804, 5441
5534, 5546
5800, 5971
5546, 5971
5193, 5519
5966, 5462
5519, 5462
5901, 5855
5517, 5956
5855, 5956
5764, 5870
5950, 5644
5870, 5644
5593, 5125
5864, 5078
5125, 5078
6261, 5710
5944, 5710
5640, 5940
5856, 5845
5796, 5845
5935, 5845
5940, 5845
5853, 5491
5853, 5946
5928, 5853
6440, 5853
5667, 5703
5473, 6040
5703, 6040
5883, 5375
5375, 5657
6588, 5657
5784, 5739
5660, 5915
5480, 5926
5912, 5784
5915, 5784
5926, 5784
5640, 5903
5903, 5746
5811, 5691
5333, 5898
5691, 5898
5593, 5444
6057, 5895
5444, 5540
5895, 5540
5628, 5722
5491, 6571
5722, 6571
5878, 5500
5341, 5500
5884, 5500
5185, 5177
5987, 5875
5177, 5875
5834, 5503
5834, 6502
5713, 5834
5873, 5924
5793, 5924
5485, 5924
5403, 5077
5866, 5077
5883, 5860
5860, 5482
6245, 5482
5618, 6183
6183, 5886
6220, 5886
5851, 5850
5538, 5850
5840, 5835
5848, 5835
5523, 5770
5776, 5523
5830, 5523
5809, 5618
6063, 5618
5747, 5811
5479, 5811
5739, 5937
5807, 5937
5249, 5118
5438, 5571
5118, 5571
5506, 5949
5999, 5949
5952, 5949
5087, 5949
5712, 5680
5277, 6374
5680, 6374
5610, 5564
5433, 5564
5658, 5923
5946, 6494
5923, 6494
5084, 5593
5872, 5593
5745, 5174
5494, 5798
5174, 5798
6117, 5430
5453, 5727
5430, 5727
5439, 5412
5330, 5412
6179, 5412
5423, 6619
5639, 6619
5185, 5673
5497, 5894
5673, 5894
5974, 5816
5761, 5816
5733, 5153
6014, 5153
5825, 5153
5513, 5153
5688, 5589
6373, 5241
5589, 5241
5116, 5100
5503, 5477
5100, 5477
5445, 6537
5436, 6537
5748, 5454
6502, 5476
5454, 5476
5803, 5883
5578, 5883
5604, 5557
6201, 5557
5663, 5557
5486, 6603
6349, 6603
5770, 5892
5755, 5892
5413, 5799
5842, 5799
6623, 6758
7140, 7044
6805, 6622
7044, 6623
6622, 6623
6738, 6798
6624, 6639
7085, 7131
7131, 6624
6798, 6624
6817, 7080
6625, 6871
7080, 6625
7065, 6649
6721, 6626
6692, 6648
6649, 6692
6626, 6692
7036, 6842
6627, 6823
7128, 7008
7008, 6627
6842, 6627
6711, 6841
7066, 6628
6628, 6711
6631, 6872
6732, 6803
6756, 6630
7010, 6629
6630, 6631
6803, 6631
6629, 6631
6963, 6709
6969, 7040
6687, 6999
7100, 6632
6999, 6969
6632, 6969
6709, 6969
6635, 7020
6993, 6778
6948, 6634
7004, 6633
6633, 6778
6633, 7109
6633, 6635
6690, 6655
6690, 6752
6690, 7024
7075, 6869
6869, 6690
6892, 7089
6967, 6782
6782, 6892
6753, 6956
7124, 6934
6653, 6930
6930, 7124
6956, 7124
6637, 7005
6637, 6865
6637, 6701
6970, 6636
7140, 6958
6636, 6637
6958, 6637
6695, 7031
7079, 6638
6639, 6695
6638, 6695
6888, 6853
6831, 7070
6853, 6831
6745, 6828
6745, 6808
6789, 6902
6902, 6745
6749, 6640
6640, 7004
6757, 6791
6766, 6641
6641, 6756
6791, 6756
6670, 6667
6670, 6954
6670, 6983
6670, 6799
6927, 7148
7148, 6670
7065, 7132
7127, 6642
6643, 6785
6643, 6777
6643, 7118
6642, 6643
7132, 6643
6652, 7139
6984, 6907
6925, 6980
6907, 6652
6980, 6652
7100, 6684
7100, 6973
7100, 7048
7005, 7100
7011, 6918
6645, 6845
6942, 6644
6644, 6645
6918, 6645
6901, 6809
6732, 6646
7143, 6734
7054, 6647
6647, 7143
6646, 7143
6809, 7143
6650, 6706
6650, 7015
7089, 6650
6648, 6650
6698, 6716
6651, 6834
6651, 6762
6716, 6651
6653, 7025
6927, 6943
6943, 6653
6654, 7076
6668, 6981
6883, 7125
7125, 6654
6981, 6654
6967, 6959
6780, 6710
6780, 6729
6780, 6794
6780, 6835
6780, 6854
6780, 6919
6780, 6962
6780, 7111
6959, 6780
7065, 6656
6812, 6733
6656, 6883
6733, 6883
6655, 6883
6830, 6726
6712, 6972
6657, 7049
6726, 6657
6972, 6657
6946, 6768
6967, 7073
6785, 6946
7073, 6946
6953, 6988
7094, 6658
6732, 6659
6770, 6924
6870, 6660
6660, 6770
6659, 6770
6658, 6770
6988, 6770
6864, 6661
6748, 6727
6662, 6923
6727, 6662
6865, 6662
6661, 6662
7065, 6848
6746, 7110
6668, 6995
7110, 6668
6848, 6668
7127, 6663
6664, 7084
6664, 7051
6663, 6664
6672, 6754
6672, 6951
7127, 6665
6665, 6672
6705, 7053
6874, 6666
7140, 6866
6866, 6705
6666, 6705
6723, 6810
6929, 7050
7050, 6723
6667, 6723
6916, 7144
6965, 6671
6875, 6669
6671, 6916
6669, 6916
6680, 7026
6680, 6839
6948, 7030
6975, 6674
6786, 6673
6673, 6674
6673, 6675
6673, 6680
6679, 6868
7128, 6677
7123, 6676
7045, 6678
6678, 6679
6677, 6679
6676, 6679
6911, 6682
7146, 6681
6683, 7038
6683, 6885
6682, 6683
6681, 6683
6687, 6886
7016, 6933
7144, 7016
6684, 7016
6886, 7016
6915, 6685
6686, 6838
6685, 6686
6948, 6744
6948, 6895
6948, 7006
6948, 6932
7058, 6914
6914, 6948
6687, 7000
6687, 7018
7079, 6741
6741, 6687
7114, 6689
7071, 6688
7001, 6938
6689, 7001
6688, 7001
6691, 6998
6691, 6806
7047, 7034
7034, 6691
6867, 6693
7028, 6696
6740, 6694
6696, 6963
6694, 6963
6693, 6963
6721, 6697
6698, 6816
6697, 6698
7033, 7021
6699, 6824
7021, 6699
7031, 6699
6725, 6775
6775, 6817
6789, 6713
6874, 6700
6700, 6789
6910, 6884
6728, 6742
6864, 7002
7002, 6728
6701, 6728
6884, 6728
6928, 6702
6703, 7086
6702, 6703
6707, 7064
6855, 6704
6706, 6707
6704, 6707
6829, 6708
6710, 6712
6708, 6712
7085, 6947
6757, 6862
6805, 6982
6982, 7085
6862, 7085
6715, 6827
6715, 7062
6715, 7037
6757, 6714
6714, 6715
6713, 6715
7054, 6878
6717, 6737
6717, 7022
6717, 6899
6878, 6717
7078, 6718
6719, 6856
6719, 6802
6718, 6719
7127, 6720
6720, 6721
6801, 6722
6818, 7106
6722, 6818
6888, 6724
6724, 6725
6774, 6730
6730, 6766
6729, 6766
6732, 7092
6732, 6876
6732, 6977
7140, 6731
6731, 6732
6736, 6987
6985, 6735
6735, 6736
6734, 6736
6953, 7042
6827, 6953
6737, 6953
6746, 6776
7133, 6797
6984, 7113
6776, 7133
7113, 7133
6911, 6743
6738, 6790
7066, 7068
6743, 6738
7068, 6738
6906, 6792
6984, 6739
6828, 6740
6739, 6740
6792, 6740
6746, 6755
6746, 6813
6746, 7116
6746, 6850
6746, 6913
6838, 6742
6838, 6796
6838, 6746
7029, 6804
6832, 6747
6804, 6748
6747, 6748
7065, 6773
6849, 6957
6967, 6836
6836, 6849
6834, 6849
6773, 6849
6955, 7057
7057, 6749
7146, 6750
6787, 6772
6787, 6937
6750, 6787
6751, 7014
6751, 7077
6751, 6822
6805, 7027
7027, 6751
7065, 7107
7019, 7134
6753, 7032
6752, 6753
7134, 6753
7107, 6753
7043, 7041
7041, 6993
6994, 7088
6897, 6761
6970, 6880
6761, 6994
6880, 6994
6757, 7129
6755, 6757
6754, 6757
6759, 6949
6758, 6759
7022, 6759
6864, 6760
6760, 7011
6823, 7011
6763, 7093
6763, 6887
6762, 6763
7128, 6764
7105, 6921
6805, 6860
6764, 6875
6921, 6875
6860, 6875
6863, 6767
7140, 6765
6767, 7045
6765, 7045
6771, 6811
7063, 6769
6769, 6771
6768, 6771
6774, 6905
6772, 6774
7147, 6779
6781, 6819
6779, 6781
6777, 6781
6783, 7007
6954, 6783
7083, 6784
6786, 6936
6784, 6786
7065, 6944
6944, 7066
7128, 6788
7140, 6793
6794, 7114
6793, 7114
6790, 7114
6788, 7114
7149, 6821
6964, 6940
7103, 6795
6797, 7149
6795, 7149
6940, 7149
7054, 6807
7054, 6873
7087, 6861
6861, 7054
6813, 7147
7014, 7147
7146, 6926
7099, 7117
7106, 7117
7106, 6815
7106, 7146
7019, 7138
7019, 6917
6925, 7142
7142, 7019
7084, 7019
7065, 7141
7105, 6961
6835, 7105
7141, 7105
6874, 7137
7137, 7063
6816, 7063
7139, 7063
7135, 7061
6952, 6846
6938, 7135
6846, 7135
6894, 7130
7130, 7079
6837, 6851
7023, 7115
7138, 6837
7115, 6837
7128, 6974
7128, 6825
7129, 7128
7047, 7126
7087, 6857
7126, 7123
6857, 7123
6812, 6968
6925, 7121
7121, 6812
6931, 7120
6898, 7091
7116, 6898
7120, 6898
7094, 7112
7094, 6978
7094, 6903
6905, 7094
6844, 6960
6942, 7108
7062, 6844
6949, 6844
7108, 6844
7112, 6844
6992, 7101
7074, 7102
6966, 7104
7101, 7099
7102, 7099
7104, 7099
6845, 7099
6864, 7098
7096, 6843
7098, 7096
6942, 7095
6926, 6863
7095, 6863
6979, 7055
7055, 6915
6840, 6800
7046, 6971
7000, 7046
6973, 7046
6800, 7046
7076, 6897
7093, 6897
6889, 6820
6942, 6939
6974, 6889
6939, 6889
7026, 6967
6888, 6996
6989, 7052
6996, 6989
7074, 6826
6843, 7074
7092, 7074
7090, 6990
6998, 7090
7017, 7136
6854, 7017
7088, 7017
7003, 6908
6983, 6830
6908, 6830
7086, 7083
6952, 7081
7072, 7097
7140, 7013
7013, 7072
7077, 7072
7081, 7072
7042, 7072
6856, 6955
7065, 7082
7065, 6881
7065, 7119
7059, 7069
7070, 7069
7070, 7067
7070, 7065
7060, 6814
7075, 6896
6896, 7060
7082, 7060
7091, 7060
6911, 7056
7056, 7087
7052, 6979
6984, 6986
6986, 6931
7051, 6931
7018, 7043
7048, 7043
7049, 7043
7040, 7059
7053, 7036
7038, 7036
6942, 7035
6919, 7033
7035, 7033
7029, 6847
7032, 7029
6947, 7028
6961, 7028
7024, 7023
7025, 7023
7020, 7127
6912, 6920
6811, 6912
6799, 6912
6890, 6877
7061, 6890
6872, 6890
6928, 6950
6950, 6801
6802, 6888
6851, 6965
6806, 6965
6810, 6965
6984, 6900
6900, 6929
6922, 7145
6820, 6922
7136, 6922
6807, 7071
7145, 7071
6906, 7122
6887, 6906
6821, 6829
6819, 6829
6814, 6829
6879, 6976
6868, 6879
6826, 6879
6824, 6879
6901, 7039
6995, 6832
7039, 6832
6839, 6874
6881, 6874
6920, 6840
7064, 6840
6978, 6952
6858, 6859
6847, 6910
7118, 6910
6859, 6910
7119, 7103
6850, 7103
6927, 6852
6852, 6855
6808, 7047
6927, 7009
7009, 6858
6841, 6858
6894, 6991
6962, 6864
6991, 6864
7111, 6867
6934, 6867
6882, 6904
6871, 6882
6825, 6992
6876, 6992
6873, 6992
6911, 6941
6970, 6997
7075, 6833
6917, 6985
6941, 6985
6997, 6985
6833, 6985
7012, 6909
6909, 7078
6957, 7003
7015, 7003
6899, 7010
6893, 6891
6987, 6893
6903, 6893
6990, 6893
7007, 6893
6913, 6927
7037, 6966
6977, 6966
6822, 6966
6937, 6966
6971, 6975
6951, 6964
6968, 6964
6936, 7012
7122, 6901
6885, 6894
6942, 6945
6945, 6970
6904, 6976
6904, 6935
6904, 6911
7168, 7150
7151, 7171
7150, 7151
7213, 7152
7153, 7185
7152, 7153
7155, 7165
7202, 7154
7154, 7155
7156, 7230
7171, 7156
7159, 7170
7218, 7157
7202, 7158
7158, 7159
7157, 7159
7160, 7209
7180, 7188
7188, 7160
7162, 7190
7163, 7161
7181, 7206
7161, 7162
7206, 7162
7163, 7183
7167, 7177
7177, 7163
7215, 7164
7195, 7226
7165, 7195
7164, 7195
7224, 7169
7218, 7166
7202, 7196
7196, 7224
7166, 7224
7228, 7178
7230, 7228
7222, 7229
7223, 7203
7172, 7199
7199, 7226
7199, 7225
7199, 7223
7215, 7182
7222, 7208
7211, 7220
7220, 7182
7220, 7219
7220, 7218
7193, 7175
7216, 7214
7216, 7200
7175, 7216
7215, 7176
7173, 7201
7189, 7217
7192, 7227
7217, 7215
7227, 7215
7201, 7215
7207, 7210
7214, 7207
7210, 7213
7222, 7204
7198, 7184
7184, 7222
7191, 7212
7211, 7179
7212, 7211
7194, 7205
7205, 7167
7209, 7167
7178, 7172
7179, 7168
7186, 7197
7197, 7189
7169, 7189
7183, 7173
7170, 7173
7203, 7192
7174, 7187
7176, 7174
7185, 7190
7185, 7221
7185, 7194
7200, 7191
7231, 7253
7231, 7252
7245, 7241
7244, 7237
7241, 7231
7237, 7231
7234, 7232
7234, 7246
7240, 7249
7253, 7234
7249, 7234
7247, 7233
7235, 7254
7233, 7235
7232, 7235
7238, 7250
7244, 7242
7239, 7236
7242, 7238
7236, 7238
7243, 7255
7252, 7247
7255, 7247
7251, 7248
7246, 7251
7250, 7251
